popsize = 32
DE:
(array([0.99993836, 0.99997822, 0.99990167, 1.00000519, 0.99994797,
       0.99989693, 0.99989037, 0.99964665, 0.9992506 , 0.99849706]), 9.434771248585571e-06, 64321)
(array([1.00007665, 1.00006084, 0.99999975, 1.00005271, 1.00000548,
       1.00007543, 1.0001418 , 1.00015223, 1.00040508, 1.00066304]), 9.180950685387804e-06, 67009)
(array([0.99998136, 0.99997487, 0.99998357, 1.00009423, 0.99999647,
       1.00000538, 1.00017114, 1.00033092, 1.00057863, 1.00114886]), 9.216591306655249e-06, 68961)
(array([0.99996847, 0.99992417, 0.99996362, 0.99992329, 0.99986138,
       0.9997969 , 0.99963557, 0.99924   , 0.998424  , 0.99700117]), 8.049137382346422e-06, 66209)
(array([0.99994142, 0.99998084, 1.00001696, 0.99998223, 0.99996683,
       0.99990328, 0.99965884, 0.99941837, 0.9989322 , 0.99781182]), 7.6226744181345055e-06, 64161)
(array([1.00004921, 0.9999885 , 0.99994026, 0.99986894, 0.9998715 ,
       0.99980832, 0.99963294, 0.9991633 , 0.99834604, 0.9965673 ]), 9.957707242198609e-06, 61857)
(array([0.99992563, 0.99993541, 1.00002832, 0.99994852, 0.99997699,
       1.00002882, 1.00015682, 1.00036506, 1.00083053, 1.00161475]), 8.893119799217388e-06, 68001)
(array([1.00009638, 0.99999241, 0.99996834, 1.00005634, 1.00004006,
       1.00005904, 1.00013455, 1.00011371, 1.00018005, 1.00046212]), 9.834209185575392e-06, 60385)
(array([0.99999452, 0.99998688, 1.00007524, 1.00004601, 0.99997912,
       0.99991345, 0.99985722, 0.99991086, 0.99974665, 0.99958887]), 9.130279850548709e-06, 73377)
(array([1.00000133, 1.00000157, 0.99999503, 0.99995471, 1.00002032,
       0.99994801, 0.99977606, 0.999628  , 0.99947345, 0.99901996]), 9.957262732309834e-06, 67041)
---------------------------------------------------------
CEM
[0.98833655 0.95461745 0.9607506  0.93868662 0.92004558 0.82844422
 0.72151668 0.51346571 0.38557516 0.14806647] 3.0762068656890453 1000032
[ 0.94374639  0.92895539  0.91433842  0.84009637  0.81069322  0.63681161
  0.46508542  0.17617241  0.00881322 -0.03051729] 3.3102428419604886 1000032
[1.00861742 0.99038717 0.95694211 0.92427064 0.91896149 0.78185857
 0.65688319 0.42127409 0.18531566 0.09859938] 4.902750938124998 1000032
[ 0.98863328  1.02463088  0.96591773  0.89364714  0.79050768  0.75728199
  0.59120204  0.33497222  0.04641581 -0.0093876 ] 6.0268483833987725 1000032
[ 0.8791686   0.88059172  0.82773596  0.78425602  0.68208627  0.50966009
  0.38834658  0.1623152   0.01804153 -0.01134006] 4.878009286744638 1000032
[1.00110117 1.00061369 0.96748432 0.93915197 0.82966512 0.64519448
 0.47859175 0.24647671 0.11774586 0.0067234 ] 4.679652983369761 1000032
[0.95919556 0.92115086 0.94928968 0.92374762 0.85143072 0.78673753
 0.62507143 0.41247362 0.18440127 0.08674131] 4.525949800759646 1000032
[ 0.98679225  0.9673785   0.94998418  0.91009456  0.87413633  0.69134992
  0.49639739  0.29307705  0.16157742 -0.04996409] 5.940389293064774 1000032
[0.99340484 0.96008882 0.95238043 0.90652424 0.87840117 0.7862791
 0.63094544 0.51714714 0.33096296 0.15665978] 4.7176537509678695 1000032
[1.00565376 0.99785275 0.95627919 0.87531565 0.82721895 0.72149264
 0.53176291 0.34511928 0.10017205 0.06850414] 2.2449620168402267 1000032
Giá trị trung bình (mean) của Rosenbrock trong DE: 9.127670385095947e-06
Độ lệch chuẩn (std) của Rosenbrock trong DE: 7.392364621398148e-07
Giá trị trung bình (mean) của Rosenbrock trong CEM: 4.430266616092021
Độ lệch chuẩn (std) của Rosenbrock trong CEM: 1.1519846450361366
===========================================================
popsize = 64
DE:
(array([1.00000862, 0.99996034, 0.99999888, 1.0000852 , 1.00012272,
       1.0001726 , 1.00014273, 1.00034081, 1.00080596, 1.00159081]), 9.295094712119568e-06, 141569)
(array([0.99997944, 0.99998773, 0.99998097, 0.99998508, 1.00006724,
       1.00003932, 1.00024724, 1.00040436, 1.00074376, 1.00145085]), 6.992042868832223e-06, 144577)
(array([1.0000489 , 0.99999232, 0.99998332, 0.99996332, 0.99993392,
       0.99996466, 1.0001014 , 1.00037246, 1.00070801, 1.00142651]), 8.703122723143796e-06, 144321)
(array([0.99994904, 1.00002092, 1.00005986, 1.00004308, 1.00004235,
       0.99998972, 0.99976376, 0.99954404, 0.99907343, 0.99808259]), 9.480696169263337e-06, 146945)
(array([0.99994971, 0.99994499, 1.00002534, 0.999946  , 0.99996354,
       0.99996083, 1.00000496, 0.99985003, 0.99969833, 0.99925164]), 9.243584722389535e-06, 140225)
(array([0.99999315, 1.0000492 , 0.99994093, 1.00001438, 0.99992973,
       0.99989899, 0.9998651 , 0.99971949, 0.99935972, 0.99884524]), 8.95980461745761e-06, 145217)
(array([1.00006759, 1.00000338, 0.99996475, 1.00006362, 1.00005697,
       1.00014714, 1.00031365, 1.00046921, 1.00095995, 1.00191859]), 8.177060075734689e-06, 147905)
(array([1.00006506, 1.00003177, 0.99997891, 0.99994426, 0.99992516,
       0.99992421, 0.99981629, 0.99948471, 0.99910209, 0.99827773]), 8.08089493546935e-06, 147841)
(array([1.00002417, 1.00000474, 1.0000362 , 0.99993657, 0.99999085,
       0.99991845, 0.99980733, 0.99965932, 0.99921127, 0.99835382]), 6.602903577318355e-06, 150785)
(array([0.99994948, 0.99993986, 0.99998079, 0.99995546, 1.00001768,
       1.00011988, 1.00027977, 1.000386  , 1.0007499 , 1.00160191]), 8.113968422668471e-06, 139457)
---------------------------------------------------------
CEM
[1.01023513 1.00754438 0.97647357 0.98615758 0.96400677 0.89878058
 0.8188241  0.62528624 0.4006206  0.14437239] 1.2278006389221678 1000064
[0.98723141 0.99481693 0.97782951 0.97316432 0.94464014 0.90900714
 0.84592351 0.71709279 0.52538092 0.28526643] 1.160926674301173 1000064
[0.99162911 0.98667821 0.95459981 0.94221184 0.93179873 0.85072816
 0.75231238 0.58730972 0.33687276 0.11169569] 2.3961010876410738 1000064
[0.99806849 0.99795329 0.98948905 0.97069628 0.94878416 0.90048483
 0.81020956 0.67731322 0.45424473 0.21233985] 1.8046758096619169 1000064
[1.00289969 0.98557907 0.97934296 0.9580714  0.92208301 0.87766189
 0.77643569 0.5985545  0.36905506 0.14497621] 2.402365999733264 1000064
[0.9874567  0.96510426 0.96335342 0.95256662 0.90426748 0.84313311
 0.71456976 0.54918978 0.31249158 0.10152234] 2.7895758397442645 1000064
[-0.98257707  0.99284626  0.98603511  0.97719001  0.97603566  0.92626071
  0.90583344  0.85348024  0.7165532   0.5197635 ] 5.550362538838345 1000064
[0.98926214 0.99037943 1.01104666 1.00081717 0.96473691 0.92633431
 0.86086262 0.7540474  0.55410714 0.35728413] 2.0538353107811815 1000064
[0.98285072 0.97213185 0.95625538 0.94223374 0.9092637  0.85126496
 0.71646914 0.515605   0.26156056 0.06242343] 2.5738396463438247 1000064
[0.95586392 0.96290496 0.96968948 0.95815234 0.92899406 0.88328441
 0.8421002  0.7346568  0.55740299 0.28888944] 2.349293386425974 1000064
Giá trị trung bình (mean) của Rosenbrock trong DE: 8.364917282439694e-06
Độ lệch chuẩn (std) của Rosenbrock trong DE: 9.229806993087861e-07
Giá trị trung bình (mean) của Rosenbrock trong CEM: 2.430877693239318
Độ lệch chuẩn (std) của Rosenbrock trong CEM: 1.1611815644694552
===========================================================
popsize = 128
DE:
(array([0.99997431, 0.99993613, 0.99989778, 0.99992028, 0.99992246,
       0.99993781, 1.00001272, 1.00012744, 1.00027862, 1.00050006]), 6.5991884296570576e-06, 286849)
(array([0.9999626 , 0.99997392, 0.99999026, 0.99992057, 0.99996474,
       0.99999644, 0.99990367, 0.9998083 , 0.99981289, 0.99978379]), 9.986206724153694e-06, 300673)
(array([1.00002347, 0.99999075, 1.00000936, 1.0000337 , 1.00001125,
       0.99989911, 0.9997275 , 0.99940913, 0.99891308, 0.99770642]), 6.93685367318124e-06, 309377)
(array([0.99997297, 1.00003197, 1.00001261, 1.00001369, 0.99993555,
       0.99997249, 0.99998075, 0.99995101, 1.0000151 , 0.99990185]), 5.9633264202068334e-06, 309121)
(array([0.9999703 , 1.00005701, 1.00008216, 1.00002086, 1.0000693 ,
       1.00013262, 1.00036573, 1.00083981, 1.00162852, 1.00322346]), 9.699400318732739e-06, 294401)
(array([0.99998101, 0.99992716, 0.99995874, 0.99991389, 0.99986241,
       0.99975983, 0.9996308 , 0.99915117, 0.99832199, 0.99664021]), 7.7158388894388e-06, 298113)
(array([0.99997426, 1.00001991, 1.00008992, 1.000071  , 1.00001056,
       0.99995105, 0.99988964, 0.9997242 , 0.99948072, 0.9989072 ]), 5.259006154277031e-06, 299265)
(array([0.99991162, 1.00001269, 0.99992776, 0.99999007, 1.00000067,
       0.99998065, 1.00009851, 1.00024274, 1.0005017 , 1.00102198]), 8.921829502354507e-06, 286465)
(array([0.99999159, 0.99992539, 0.99995048, 1.00008494, 1.00009731,
       1.00010943, 1.00017975, 1.00034874, 1.00071314, 1.0015429 ]), 8.201804159619335e-06, 311553)
(array([1.00005044, 0.99998853, 1.0000021 , 0.99997598, 1.0000455 ,
       0.99999209, 1.00006544, 1.0000359 , 1.00012682, 1.00007433]), 8.365457495337485e-06, 303105)
---------------------------------------------------------
CEM
[-0.99646537  0.98610946  0.98535135  0.99324547  0.9718739   0.9143522
  0.81066627  0.63684774  0.40262565  0.18407313] 6.14139834371724 1000064
[0.99585847 0.97326172 0.98118195 0.98696633 1.00174859 0.96826701
 0.96124277 0.95344965 0.90990579 0.8487383 ] 1.3933597602925138 1000064
[0.9874365  0.9691482  0.97345042 0.95634455 0.95781323 0.93570381
 0.89736091 0.85516229 0.70180171 0.48724944] 1.3764235347585312 1000064
[0.99165503 0.9994596  0.99181804 0.9904052  0.97421376 0.93552943
 0.88047115 0.77207577 0.61029408 0.38289701] 1.3865688212454677 1000064
[1.0126471  0.98693442 0.98048554 0.96763208 0.97069904 0.95276182
 0.90230211 0.80841529 0.64870584 0.4085637 ] 1.7197676719937243 1000064
[0.99708572 1.0066064  0.99588436 0.97750627 0.97857494 0.94112128
 0.90169558 0.81472344 0.66367821 0.43860564] 0.825852904689506 1000064
[0.98483944 0.98274871 0.98883224 0.98940712 0.97604206 0.94410343
 0.91423686 0.85446808 0.71443878 0.48577623] 1.6302366248474156 1000064
[1.00579452 0.99248668 0.99330157 0.98834564 0.96617987 0.92284642
 0.86435166 0.73778281 0.53252243 0.28969911] 1.4768696947543962 1000064
[0.99668618 0.97690761 0.96833022 0.97643152 0.96123665 0.92417805
 0.85342421 0.74451681 0.56145103 0.34206403] 1.4260872340847817 1000064
[0.98671696 0.99220922 0.99847007 1.00266092 0.98183768 0.9644434
 0.95281798 0.87243281 0.74308856 0.55567859] 1.5908849206095785 1000064
Giá trị trung bình (mean) của Rosenbrock trong DE: 7.764891176695873e-06
Độ lệch chuẩn (std) của Rosenbrock trong DE: 1.4879065150433982e-06
Giá trị trung bình (mean) của Rosenbrock trong CEM: 1.8967449510993155
Độ lệch chuẩn (std) của Rosenbrock trong CEM: 1.4332485768223953
===========================================================
popsize = 256
DE:
(array([1.00001032, 0.9999925 , 0.99997777, 1.0000827 , 1.00016093,
       1.00016592, 1.00019183, 1.00030274, 1.00046574, 1.00087317]), 9.456761952934543e-06, 602113)
(array([0.99994002, 1.00003834, 1.00002833, 1.00006571, 0.9999318 ,
       1.00002006, 1.00001803, 1.00001131, 1.00002893, 1.00008962]), 9.41222737055053e-06, 597761)
(array([0.99997096, 1.0000311 , 1.00008845, 1.00007555, 1.00013834,
       1.00016634, 1.00039833, 1.00067345, 1.00145621, 1.00293565]), 9.103357611107079e-06, 584705)
(array([0.9999544 , 0.99999611, 0.99998473, 0.99989278, 0.99994923,
       0.99994728, 1.00003862, 1.00000032, 0.99990397, 0.99969824]), 9.108306495878372e-06, 588033)
(array([0.99993826, 0.99992787, 0.99993859, 1.00000155, 1.00001762,
       1.00009635, 1.00016564, 1.00011569, 1.00010887, 1.00022   ]), 9.1904403602665e-06, 588801)
(array([0.99989726, 1.00000959, 0.99996924, 1.00003134, 1.00007461,
       1.00006476, 1.00016864, 1.00032548, 1.00062716, 1.00139186]), 9.119587218633387e-06, 589313)
(array([0.99999416, 1.00006906, 1.00004041, 1.00005412, 0.99995981,
       0.99994522, 0.99974949, 0.99947992, 0.99884647, 0.99770132]), 8.94428237941536e-06, 605953)
(array([0.99995973, 0.99997472, 1.00004972, 0.99993737, 0.99997525,
       0.99992429, 0.99979785, 0.99967082, 0.99937904, 0.9989228 ]), 9.226589305802522e-06, 596481)
(array([1.00000688, 1.00009212, 1.00005289, 0.99999414, 0.99996505,
       1.00006142, 1.00016038, 1.00027282, 1.00044677, 1.00097517]), 7.694204659473255e-06, 609025)
(array([1.00004499, 0.99998675, 0.99997299, 1.00000805, 1.0000044 ,
       1.00008233, 1.00032362, 1.00070203, 1.00132317, 1.00260959]), 8.000270750895212e-06, 589825)
---------------------------------------------------------
CEM
[0.98618927 1.0071972  0.99800949 0.97875878 0.98277188 0.97904121
 0.96696175 0.95493642 0.93015099 0.87949878] 1.0511777070346766 1000192
[1.01550825 1.0105065  1.00294436 1.0012227  0.98517597 0.97382822
 0.93622255 0.87107832 0.77250392 0.59936976] 0.9638195812797612 1000192
[-0.984241    0.98840211  0.9928311   0.99653753  0.99244232  0.94781051
  0.89887096  0.81074141  0.63663294  0.40830175] 5.13050250129471 1000192
[0.99785862 0.99989348 0.97721442 0.97684207 0.97612307 0.96351646
 0.93884035 0.89073109 0.77918472 0.60277133] 1.1406081033953397 1000192
[0.99452593 0.98924972 0.97032401 0.97586978 0.96666105 0.96285066
 0.92267331 0.8580081  0.75437363 0.57945117] 1.4181438805776851 1000192
[1.00282772 0.98062367 0.99188848 0.98383064 0.98504069 0.9425492
 0.89158134 0.8142404  0.66889257 0.45182832] 0.997897847541164 1000192
[0.99722551 0.99492692 0.98940906 0.99102653 0.9647541  0.9424181
 0.87882486 0.75970848 0.57896213 0.35307854] 1.3650808114590252 1000192
[0.99864204 0.99710797 0.99332698 0.98828697 0.98087691 0.98055584
 0.97383157 0.96291962 0.94350684 0.87294599] 0.9387900418248213 1000192
[-0.98781232  0.98747968  0.98614444  0.97248992  0.94927663  0.91607362
  0.87286908  0.73241756  0.54106168  0.2891218 ] 4.980360777235562 1000192
[0.99737878 0.98035865 0.98847928 0.98419495 0.98022316 0.96670044
 0.9168794  0.84158774 0.68177821 0.45751147] 0.9501997937666918 1000192
Giá trị trung bình (mean) của Rosenbrock trong DE: 8.925602810495676e-06
Độ lệch chuẩn (std) của Rosenbrock trong DE: 5.617118838626203e-07
Giá trị trung bình (mean) của Rosenbrock trong CEM: 1.893658104540944
Độ lệch chuẩn (std) của Rosenbrock trong CEM: 1.5892178269042398
===========================================================
popsize = 512
DE:
(array([1.00004661, 1.0002421 , 1.00028616, 1.00014822, 1.00050093,
       1.00073626, 1.00131987, 1.00205459, 1.0043369 , 1.00800572]), 0.00015008008518092403, 1000449)
(array([0.99975447, 0.99994948, 0.99978305, 0.99971708, 0.9997696 ,
       0.99977687, 0.99980857, 0.99988467, 0.99996944, 0.99961577]), 6.835167230855915e-05, 1000449)
(array([0.99964944, 0.99965425, 0.99973315, 0.99982054, 0.99967915,
       0.99971959, 0.99970416, 1.00021905, 0.99989805, 1.00006009]), 0.00016592220428999542, 1000449)
(array([0.99964817, 1.00004593, 1.00004098, 0.99996504, 0.99981591,
       0.99955447, 0.9987005 , 0.99731066, 0.99453693, 0.98940805]), 0.00012647306670575818, 1000449)
(array([0.99985204, 0.99984336, 1.00009389, 1.00012954, 0.99977826,
       1.00001932, 1.00056544, 1.00065597, 1.0013603 , 1.00222081]), 0.0001418397621817785, 1000449)
(array([0.99995785, 0.99995274, 0.99991097, 0.99990647, 0.99957764,
       0.99950675, 0.99912003, 0.99842936, 0.99638755, 0.99295328]), 6.530865205273351e-05, 1000449)
(array([1.00010773, 1.00005141, 1.00009361, 1.00009146, 1.00000634,
       0.99980164, 0.99895501, 0.99786262, 0.99532501, 0.99061911]), 9.770526567938832e-05, 1000449)
(array([0.99989959, 1.00002949, 1.00041854, 1.0000541 , 1.00011441,
       0.99995933, 1.0002412 , 1.00086732, 1.00180632, 1.00336791]), 0.00012297788935294526, 1000449)
(array([1.00004057, 0.99979929, 0.99944395, 0.99968455, 0.99969366,
       0.99907246, 0.99846846, 0.99692326, 0.99340326, 0.98716514]), 0.00019179542405884054, 1000449)
(array([1.0001309 , 0.99981643, 0.99957857, 0.99977663, 1.00024443,
       1.00015611, 1.00019745, 1.00093274, 1.0018407 , 1.0036057 ]), 0.00015291978903363365, 1000449)
---------------------------------------------------------
CEM
[0.9845792  0.98938481 0.98330579 0.98584818 0.98196141 0.96336261
 0.91766963 0.855859   0.72854981 0.52123051] 0.7488954106162664 1000448
[0.9949173  0.99547097 1.00114155 0.9967498  0.98922193 0.96287029
 0.91348294 0.84199649 0.70142706 0.48561722] 0.7415479570739049 1000448
[1.00299219 1.00549086 1.00116749 0.98918081 0.97371069 0.95160268
 0.90054067 0.80454465 0.63225636 0.41021899] 0.9748757102118171 1000448
[-0.9994498   0.99638823  0.99754386  0.9976185   0.97600961  0.96929119
  0.94123045  0.88565638  0.79433019  0.61817728] 4.824861623256021 1000448
[1.00043862 0.98774199 0.9907331  0.98562588 0.98198248 0.95081307
 0.91298015 0.84079829 0.68566976 0.46897949] 0.6749755475347586 1000448
[1.00170676 0.99872455 0.99124369 0.98344069 0.98049497 0.94616219
 0.90763169 0.83063462 0.67638322 0.46959362] 1.1143783342315199 1000448
[0.9960256  0.98422934 0.99258854 0.98214105 0.97078784 0.9527613
 0.90952762 0.83194832 0.68897986 0.46655815] 0.6117091242424101 1000448
[1.00166671 0.99423307 0.98342042 0.97990866 0.96117453 0.93333925
 0.87210259 0.76221821 0.57654128 0.32350682] 0.7623483880437463 1000448
[0.99725935 0.99657228 0.99692567 0.98599417 0.98518964 0.97220631
 0.95685811 0.9222004  0.85725058 0.74523552] 0.751804321323642 1000448
[1.0049433  1.00057813 1.0068836  0.99527892 0.98835131 0.9783681
 0.94607972 0.88753753 0.77638246 0.59857143] 0.8800840154998706 1000448
Giá trị trung bình (mean) của Rosenbrock trong DE: 0.00012833738108445567
Độ lệch chuẩn (std) của Rosenbrock trong DE: 3.9038863540640275e-05
Giá trị trung bình (mean) của Rosenbrock trong CEM: 1.2085480432033955
Độ lệch chuẩn (std) của Rosenbrock trong CEM: 1.2135517338050652
===========================================================
popsize = 1024
DE:
(array([0.99035575, 0.99793205, 0.9847071 , 0.98757596, 0.97312575,
       0.95074997, 0.92380916, 0.8484164 , 0.69418292, 0.47348387]), 0.3165609803788765, 1000449)
(array([0.99154851, 0.98980946, 0.97870582, 0.9736695 , 0.95596571,
       0.92949315, 0.86043793, 0.73584805, 0.52662779, 0.2828365 ]), 0.4100891156225886, 1000449)
(array([0.99418485, 0.99302037, 0.98438552, 0.98296476, 0.97268841,
       0.95125566, 0.89822137, 0.79853415, 0.6214737 , 0.37887804]), 0.2695412935529347, 1000449)
(array([1.00390613, 1.00158486, 0.99422235, 0.97264171, 0.96395425,
       0.9449113 , 0.89270346, 0.80163674, 0.64838124, 0.3904639 ]), 0.36854877234133815, 1000449)
(array([0.99523532, 1.00420008, 0.98927105, 0.97907008, 0.96908213,
       0.93931225, 0.89204869, 0.80332466, 0.63484923, 0.37786895]), 0.34494020541268855, 1000449)
(array([1.00698818, 1.0005071 , 0.99593447, 0.97717518, 0.96461327,
       0.94970896, 0.89709931, 0.79058546, 0.61769233, 0.37607383]), 0.324822878222887, 1000449)
(array([1.00678974, 1.00714661, 0.99273366, 0.985213  , 0.97681829,
       0.95757477, 0.90323863, 0.79422027, 0.62707028, 0.38769008]), 0.3193429490893472, 1000449)
(array([1.00215319, 0.99581808, 0.9904683 , 0.97434772, 0.96492071,
       0.94226191, 0.88984576, 0.79969398, 0.61189941, 0.36813335]), 0.3435614738436109, 1000449)
(array([0.99619521, 0.98536764, 0.98973124, 0.98142096, 0.97166834,
       0.9454204 , 0.89319188, 0.79301879, 0.60297883, 0.35624985]), 0.3390410429854972, 1000449)
(array([1.00139579, 0.99296791, 0.9956401 , 0.98476874, 0.97707863,
       0.95714051, 0.9068856 , 0.82835402, 0.66563331, 0.42756357]), 0.2600198813937701, 1000449)
---------------------------------------------------------
CEM
[1.00677746 1.00471547 0.98631465 0.98977569 0.98483043 0.96891515
 0.94847708 0.90992912 0.83542659 0.67447544] 0.8165121842117603 1000448
[-1.00196202  0.99520537  0.99826875  0.99170257  0.96182644  0.95700769
  0.90750834  0.83163253  0.70278824  0.4859062 ] 4.635129684783922 1000448
[-0.99480755  0.99034232  0.97845972  0.97570088  0.97238052  0.95355714
  0.91567426  0.83734556  0.7079956   0.51392348] 4.652602953789369 1000448
[-0.99110171  0.98728646  0.98920565  0.98770868  0.98360342  0.95831844
  0.91689226  0.85428211  0.73226926  0.53471702] 5.012974414078345 1000448
[0.99334715 0.9905708  0.99233471 0.99299434 0.97500516 0.95182865
 0.91770326 0.84067518 0.69179624 0.48425383] 0.6215779315448283 1000448
[0.99716261 0.99157415 0.99385849 0.99468225 0.99100646 0.98644015
 0.97337514 0.94107388 0.86455472 0.75736409] 1.0542278411938735 1000448
[1.00143124 0.99958372 0.99822061 0.99114087 0.98291578 0.97496771
 0.94600029 0.89698547 0.80174948 0.65460383] 0.5286982451165635 1000448
[0.99119678 0.99697494 0.98926441 0.98552087 0.98717035 0.9695838
 0.93928249 0.87773801 0.76938236 0.59458334] 0.6497416427089788 1000448
[0.99451289 0.99123888 0.98901715 0.9902905  0.97652581 0.95168197
 0.91373526 0.83172891 0.70630281 0.48505128] 1.0027154330836043 1000448
[0.99628478 0.99489039 0.99400581 0.98953008 0.97655573 0.95399846
 0.90215384 0.81445715 0.66941416 0.46456543] 0.4723638591041835 1000448
Giá trị trung bình (mean) của Rosenbrock trong DE: 0.3296468592843539
Độ lệch chuẩn (std) của Rosenbrock trong DE: 0.04154677572713767
Giá trị trung bình (mean) của Rosenbrock trong CEM: 1.9446544189615431
Độ lệch chuẩn (std) của Rosenbrock trong CEM: 1.8584656394348988
===========================================================