popsize = 32
DE:
(array([-2.13748830e-04, -1.77800655e-04, -7.65825330e-04,  6.46596832e-04,
       -8.70850846e-04, -1.15100189e-03, -7.32779355e-05, -2.14249933e-04,
        1.66238040e-05,  9.39077081e-04]), 8.565939791041854e-06, 42977)
(array([-3.53328146e-04, -7.41333634e-04,  2.15753668e-03,  7.47252623e-04,
       -2.86030959e-05, -6.22682921e-04, -4.27552125e-04, -1.90293548e-04,
       -6.72383154e-04,  8.96345373e-04]), 8.89930566498961e-06, 41441)
(array([ 5.97461982e-04,  8.10297441e-04, -1.93616085e-03, -1.12933352e-03,
       -2.98394103e-04,  9.45345242e-04,  1.21524732e-03, -6.28303539e-04,
       -8.20609487e-05,  6.58377648e-05]), 8.97260359242615e-06, 43329)
(array([-2.65782975e-04,  1.07172309e-05,  1.01798902e-03,  1.36075969e-03,
        7.33555717e-04, -9.44333743e-04, -4.11817432e-04,  9.71647951e-04,
       -1.07119629e-03,  4.29964302e-05]), 7.58677728382764e-06, 40449)
(array([-0.00152034,  0.00032654, -0.00052946,  0.00042325, -0.00021621,
       -0.00155077,  0.00027617,  0.00035228,  0.0005144 , -0.00022346]), 9.847905471811175e-06, 41825)
(array([-0.00206743,  0.00026389, -0.00038553, -0.00027841,  0.00191676,
       -0.00038704,  0.00030753,  0.00031237, -0.00051677, -0.00045807]), 9.38104168364959e-06, 41633)
(array([-5.01218259e-04,  6.62309112e-04, -1.62804993e-03,  1.41965388e-04,
        8.55512731e-04, -1.56025225e-03,  7.19232040e-04, -7.36578567e-05,
       -3.09995018e-04,  4.50042606e-04]), 8.813537832337707e-06, 42049)
(array([-1.94754908e-04,  1.34906911e-03, -2.40138570e-04, -6.48966121e-04,
       -8.96466035e-04,  1.36624321e-04,  6.85712328e-05,  5.68758381e-04,
        1.32470268e-03, -9.31986115e-04]), 8.60242490055e-06, 46177)
(array([-0.00065072,  0.00226334,  0.00020813,  0.00077435, -0.00028354,
        0.00164989, -0.00054375, -0.00044647, -0.00044443, -0.00049832]), 9.952273989054642e-06, 45185)
(array([ 0.00052368, -0.00181253,  0.00053971,  0.00035307,  0.00059394,
        0.00183997, -0.00033395, -0.00058311, -0.00116258,  0.00027645]), 9.738250577884111e-06, 43425)
---------------------------------------------------------
CEM
[ 0.22281657 -0.30910183  0.79880292 -0.45865038  0.4033429  -0.21865377
 -0.17941698  0.0959931  -0.13240386  0.17717935] 1.2956008909770427 1000032
[-1.49901327  0.54089265  0.66762965  0.49265429 -1.1490389  -0.59138369
  1.07491664  0.31863283 -1.83522914  1.28242073] 10.846246084881148 1000032
[ 0.65764286 -0.42171915  0.92231828 -0.30742316  0.49003705  0.12103182
  0.86429573  0.69327446 -0.68697045 -0.95175974] 4.319409160779067 1000032
[-0.44518779  0.56197854  0.09553215 -0.07696295 -0.94175033  0.07167564
 -0.4072321   0.49877193  0.02090637  0.3023926 ] 1.9136889160010846 1000032
[ 0.24437318 -1.95447555 -0.49154433 -1.01462521  0.90964726  0.49100542
  1.43244044  0.40526834 -0.47585552 -0.82720034] 9.260017612949786 1000032
[ 0.54006865  0.12157031 -0.04952461  0.80032544  0.22872877  1.11197607
  0.85386011 -0.26228147 -0.99382517 -0.68050479] 4.465781766914732 1000032
[ 0.3951611  -0.69066436  0.15011758  0.35058222  1.82524311 -0.80740073
 -0.80945061  1.04070313 -0.6520928  -0.07136162] 6.753097185005164 1000032
[-0.43912813 -0.42396394 -0.63974144  0.87490589 -1.26568709 -0.02203154
  0.12950687 -0.05500738  0.72575172 -0.00724043] 4.446963099259897 1000032
[ 1.65324541 -2.11899916  1.21954848 -0.53550322  0.11380683 -0.50835939
 -0.95698378  0.10302033  1.51689534 -0.45080346] 12.346358582834988 1000032
[ 0.7412558  -0.65536285 -0.30289255 -0.58568019 -0.20138676 -0.11637127
  0.611778    0.75246923 -0.33334694 -0.22844539] 2.6510943850476516 1000032
Giá trị trung bình (mean) của Zakharov trong DE: 9.036006078757248e-06
Độ lệch chuẩn (std) của Zakharov trong DE: 6.850067492468148e-07
Giá trị trung bình (mean) của Zakharov trong CEM: 5.8298257684650565
Độ lệch chuẩn (std) của Zakharov trong CEM: 3.6373377453005706
===========================================================
popsize = 64
DE:
(array([-6.89166907e-04,  8.81226029e-04,  1.69560830e-03,  3.16521929e-04,
       -5.08424502e-04, -1.48095112e-03, -6.05870756e-04, -3.91009087e-04,
        1.31356340e-03,  7.05108347e-05]), 9.263187258036108e-06, 91201)
(array([-5.22927824e-04, -9.05600481e-05,  1.33046397e-03,  1.15431302e-03,
        4.65211803e-05, -1.27942184e-03,  5.76005165e-04, -1.35947413e-03,
        9.93473138e-04, -4.29873220e-04]), 9.13243149058497e-06, 96321)
(array([-0.00086855, -0.00055481,  0.00204348,  0.00042784, -0.0005704 ,
       -0.00018082,  0.00078508,  0.00019621, -0.00156867,  0.00031668]), 9.954560306621909e-06, 91201)
(array([ 0.00122286, -0.00153984, -0.0004444 ,  0.00070131,  0.00015609,
       -0.00201874, -0.00019789,  0.0003624 ,  0.00077821,  0.00032832]), 9.541166267352775e-06, 87553)
(array([ 6.47819305e-04, -1.93413037e-03, -1.11185270e-04, -9.29179163e-04,
       -1.44073753e-03,  3.88156449e-04,  3.52543123e-04,  7.18160386e-04,
        3.46547017e-04, -4.95155323e-05]), 8.453359156817446e-06, 96257)
(array([ 1.92156153e-04, -2.13645547e-03,  1.41215786e-04, -1.25588166e-03,
        7.48681220e-04,  3.75979109e-04,  7.06072989e-04,  3.39399182e-04,
       -5.94577684e-04, -1.29577758e-05]), 7.931463203527544e-06, 95809)
(array([-2.71277395e-04, -9.35669304e-04, -4.28886263e-05, -3.93898040e-04,
        6.47588366e-04, -8.73868619e-04,  9.15716632e-04, -5.42669257e-04,
       -1.11134362e-04,  2.70355114e-04]), 4.589296672588498e-06, 95425)
(array([ 1.12187978e-03, -5.96697155e-04, -2.94312429e-04, -1.12615699e-03,
       -5.13720054e-04, -1.15968504e-03,  3.29344019e-04,  7.77738315e-05,
        3.34397124e-04,  5.07199874e-04]), 9.015267826475584e-06, 96065)
(array([ 5.14573600e-04, -1.54062300e-03, -3.76829402e-04, -8.75506567e-04,
       -2.37495940e-04,  7.83977534e-05,  7.20767607e-04,  9.33130350e-04,
        1.90353591e-04, -3.88871949e-04]), 6.64946917734629e-06, 99201)
(array([ 0.00133886,  0.00058928,  0.00081317,  0.00073825, -0.00133849,
       -0.00135872, -0.000957  , -0.00010672,  0.00080162,  0.00058261]), 9.416335136918906e-06, 94465)
---------------------------------------------------------
CEM
[ 0.12578604  0.20714877 -0.01658404  0.02145831  0.11992663  0.10047349
 -0.10901088  0.01127019  0.19901959 -0.29459207] 0.22502310128552241 1000064
[-0.04250916 -0.10741704 -0.04410836 -0.0809056  -0.09295     0.0843558
 -0.00164792 -0.02213961  0.00467583  0.02244295] 0.04441070603915351 1000064
[-0.13045033 -0.38991089 -0.26257029  0.00252708  0.0172871   0.19943567
 -0.41081547  0.23909    -0.10812068  0.26466639] 0.5379079689849585 1000064
[-0.2776954  -0.25955454  0.03474304 -0.19523435 -0.16486843 -0.08630443
 -0.00292584  0.17141563  0.18937273 -0.04290042] 0.2593675548363867 1000064
[ 0.12046553  0.38327656  0.2987326   0.11972052 -0.03581566 -0.10471334
 -0.1732618  -0.02328217 -0.03230778  0.02886972] 0.23980766890882194 1000064
[-0.19562798  0.05526816  0.13754653 -0.02510871  0.22696698  0.00850099
 -0.07911382 -0.13441199 -0.0060453   0.05129698] 0.1324650620173227 1000064
[ 0.09440742 -0.05966407 -0.506451   -0.06963269 -0.15383101 -0.04608662
  0.17426742  0.04757505  0.05289929  0.09319881] 0.31765725796887867 1000064
[ 0.06096466 -0.10796063 -0.18128258 -0.20077371 -0.15433806 -0.00417827
  0.02641955 -0.24761459  0.35649319  0.04116322] 0.3054623097042163 1000064
[-0.1247755   0.15522714  0.06255695  0.03290232 -0.0473129   0.12402391
 -0.01167671 -0.2152065  -0.09727278  0.17151304] 0.14819763418185608 1000064
[ 0.27211174 -0.17029032  0.14418699  0.05802523  0.10959816 -0.00833407
 -0.22181885  0.17957537  0.01950231 -0.09009867] 0.26532419743362434 1000064
Giá trị trung bình (mean) của Zakharov trong DE: 8.394653649627004e-06
Độ lệch chuẩn (std) của Zakharov trong DE: 1.5562732421263383e-06
Giá trị trung bình (mean) của Zakharov trong CEM: 0.24756234613607409
Độ lệch chuẩn (std) của Zakharov trong CEM: 0.12569033443832495
===========================================================
popsize = 128
DE:
(array([ 0.00101841, -0.00081783, -0.00046263,  0.00107242,  0.00089426,
       -0.00100671,  0.00020106,  0.00087674, -0.00081582, -0.00019476]), 6.401712377755917e-06, 187009)
(array([ 8.84583811e-05,  8.59704009e-04,  1.78466589e-03,  3.42429492e-04,
        4.39208141e-05,  1.59054707e-04, -1.55863208e-03, -1.57253407e-04,
        7.29154371e-04, -7.85114226e-05]), 9.8145423554939e-06, 193153)
(array([-0.00061091,  0.00076917,  0.00096088, -0.00076244, -0.00066856,
        0.00034222, -0.00036452,  0.0001627 , -0.00100056,  0.00069072]), 8.429108690391158e-06, 196865)
(array([-0.00010262, -0.00152429, -0.00014262,  0.00021098,  0.00045796,
       -0.00063498, -0.00122611,  0.0002629 ,  0.00030598,  0.00107233]), 7.707820689178648e-06, 184833)
(array([-0.00074812, -0.00050934, -0.00017499,  0.00016819, -0.00112608,
        0.00065233,  0.0009771 , -0.00174817, -0.00027237,  0.00107685]), 8.986892153003959e-06, 197761)
(array([ 0.00154855,  0.00135058,  0.0008875 ,  0.0001784 , -0.00064906,
       -0.00037359, -0.0005515 , -0.0001482 ,  0.00079105, -0.00013763]), 8.584015756722896e-06, 196993)
(array([ 1.62641302e-03,  1.09890001e-03, -1.55957441e-03, -6.22664166e-04,
        1.20679345e-03, -2.83715783e-04,  3.16991317e-04, -2.25918742e-04,
       -9.37091038e-05,  1.19436329e-04]), 9.149015401010753e-06, 192257)
(array([-2.01485458e-04, -1.67821091e-04,  5.42182271e-04,  2.94275898e-05,
       -1.29458941e-04,  3.36758659e-04,  1.44359492e-04,  1.70436591e-03,
       -2.05026403e-03,  3.59666170e-04]), 9.156763461958094e-06, 189441)
(array([ 4.08581512e-04,  1.98595886e-04,  9.76481116e-04, -7.38200699e-05,
       -3.44374978e-04,  5.33302427e-04, -1.74899507e-03,  2.60895050e-05,
        9.58634727e-04,  1.44527552e-04]), 7.753280004110594e-06, 197377)
(array([ 8.83074252e-04, -6.09975133e-04,  5.34411597e-05, -2.63970421e-04,
        5.91233389e-04,  2.08804175e-03, -8.66162509e-04,  1.20138639e-03,
       -9.49997698e-04, -8.80057838e-04]), 9.854950984961471e-06, 206593)
---------------------------------------------------------
CEM
[-0.00933919 -0.03636504  0.06469021  0.04314124  0.09280115 -0.05269295
 -0.03575625 -0.0098248  -0.06258393  0.06220868] 0.022248534806005804 1000064
[-0.0383252   0.02717674 -0.00930819  0.11938045  0.01580155 -0.03067391
  0.04675147  0.03039805 -0.1014916  -0.00554907] 0.04228371107614557 1000064
[ 0.06529294 -0.00690345 -0.01063761  0.07550957 -0.05562801  0.03101035
 -0.03723377  0.00159337  0.06392156 -0.06178553] 0.04334812289018324 1000064
[-0.08439846  0.04615551 -0.03288998  0.02850392 -0.19043012  0.05104909
  0.06630087 -0.00130846  0.04747009 -0.03136565] 0.056957489359823844 1000064
[ 0.02689993  0.0100848   0.03336351  0.0189015  -0.05700144  0.07965271
  0.01170823 -0.04475778  0.00181613 -0.01974875] 0.010650835430034864 1000064
[ 0.03344154  0.00384068  0.06686178  0.0998773   0.02408114  0.0580512
 -0.06715509 -0.0687459  -0.01922572  0.00820966] 0.031705053619167194 1000064
[-0.04761051 -0.03102061  0.09134443  0.02070619 -0.02272977 -0.00675062
 -0.09035608  0.00275709 -0.02564804  0.06841951] 0.03020341949443064 1000064
[-0.02285623 -0.00681194  0.05676022  0.06040507  0.00533867 -0.06605283
 -0.00483141 -0.05004202  0.0044663   0.03379058] 0.027074354264019683 1000064
[ 0.05014482  0.06404471 -0.11684545  0.00936796  0.01587875  0.04089232
  0.02108027  0.04364904  0.05832123 -0.11017342] 0.04109542178789811 1000064
[ 0.07013148  0.03648944 -0.02456825 -0.01052231 -0.00498858 -0.02723399
 -0.00569073  0.03755194 -0.01513047 -0.03072834] 0.01407532440777048 1000064
Giá trị trung bình (mean) của Zakharov trong DE: 8.583810187458738e-06
Độ lệch chuẩn (std) của Zakharov trong DE: 1.0091248430575352e-06
Giá trị trung bình (mean) của Zakharov trong CEM: 0.03196422671354794
Độ lệch chuẩn (std) của Zakharov trong CEM: 0.013564193153823558
===========================================================
popsize = 256
DE:
(array([ 6.00556628e-04,  2.94034627e-04, -1.50423494e-03, -1.66143341e-03,
       -4.89719422e-05, -7.72914543e-04,  5.49918328e-04,  6.56673635e-04,
       -1.81571837e-04,  6.11563367e-04]), 7.612476281481932e-06, 377857)
(array([ 2.38135033e-04,  1.79964517e-04,  1.57732081e-04, -8.99704032e-04,
        3.94816852e-04, -3.51614198e-04,  3.09199531e-04,  1.66638781e-03,
        1.57496433e-05, -1.51981567e-03]), 7.622116097668641e-06, 393473)
(array([-0.00155951, -0.00129112,  0.00017507,  0.00023453,  0.00129411,
        0.00025595, -0.00062846,  0.0002257 ,  0.00028477, -0.00032674]), 7.588632445225351e-06, 380929)
(array([ 1.48713299e-04, -1.50872388e-03, -1.13408481e-03,  9.31348879e-04,
        4.34928118e-04,  5.82737676e-04,  1.22271567e-04,  4.15913456e-04,
        9.26553811e-05, -1.18240968e-03]), 9.963682528919332e-06, 395265)
(array([-3.84613671e-04, -6.72887513e-04,  9.05652329e-04,  8.26240287e-05,
       -1.26000215e-03,  8.63116063e-04,  6.54781678e-04,  6.98238864e-05,
       -1.75952349e-03,  8.58572904e-04]), 8.941096572489507e-06, 396289)
(array([ 1.39060763e-03, -1.15269385e-04, -2.16341694e-04, -7.87147450e-04,
       -1.45907848e-04, -1.84919200e-04,  4.58669184e-04, -1.35236080e-03,
        9.24266909e-05,  1.36592332e-03]), 8.030048943881457e-06, 382977)
(array([-0.00035212, -0.00069108, -0.00167652,  0.00015082,  0.00100948,
        0.00052633, -0.00043847, -0.0012252 , -0.00056726,  0.00149596]), 9.220311817302921e-06, 367361)
(array([-6.05491783e-04,  8.47472059e-04, -8.13986059e-04, -3.21156485e-04,
        7.56803493e-04,  1.31873365e-03, -1.63586057e-03, -8.23483077e-04,
        8.22234374e-05,  8.97959122e-04]), 8.466509860022674e-06, 387073)
(array([ 9.75212143e-05,  2.33260166e-03,  8.51853031e-04, -4.08983643e-05,
        2.31573648e-04,  5.08445606e-04, -2.16243886e-04, -9.37229476e-04,
       -5.36825514e-04,  3.34294166e-04]), 8.001384208190674e-06, 388865)
(array([-1.21310726e-03, -9.35152936e-04,  9.68847053e-04,  1.02399926e-03,
       -1.22888612e-03, -1.33384038e-03,  4.50454500e-05,  9.19281686e-04,
       -2.53377811e-04,  2.46997248e-04]), 9.998270328660176e-06, 395777)
---------------------------------------------------------
CEM
[-0.01381011  0.05043235 -0.00887659 -0.01874648 -0.0011903  -0.00426289
  0.01726351 -0.01370351 -0.00227802  0.0059293 ] 0.011499302314486058 1000192
[-0.0028768   0.01031023  0.02097159  0.01485698  0.02442574  0.00623807
 -0.0128005   0.01943826  0.00438625 -0.03655401] 0.006766058997492688 1000192
[ 1.08539369e-02  1.12017330e-02  4.48513528e-02  1.53009461e-03
  7.43545732e-03  3.24218800e-02 -2.62709080e-02 -1.36309354e-02
  1.54641808e-05 -8.14288771e-03] 0.004230850195328416 1000192
[ 0.02925532 -0.03911865  0.02738443 -0.04778323  0.01460901  0.04425036
 -0.04402469 -0.04412778  0.00953721  0.04438513] 0.019041350365516026 1000192
[-0.01426323  0.01698094  0.07142659 -0.00848896 -0.00115989 -0.02391829
  0.00151    -0.05193171  0.03600661  0.00495467] 0.009829722221701906 1000192
[ 0.00613    -0.0067199  -0.00227803 -0.02591289 -0.00205931  0.00134317
 -0.03170752 -0.02930957  0.02067892  0.03279735] 0.009411452991842853 1000192
[ 0.03157113  0.05297878  0.029577   -0.01242773 -0.06497362  0.0199377
  0.00287858 -0.03942558  0.04384442 -0.00383494] 0.015344628665105272 1000192
[-0.0280573  -0.00609893 -0.03536547  0.0102922  -0.02986726  0.03847255
  0.02312359 -0.01459444  0.01451658 -0.00992105] 0.011706476126048386 1000192
[-0.00087475  0.03611295  0.02198841 -0.00343404  0.01594458 -0.00482745
 -0.02415598 -0.0016315  -0.00198125  0.00047866] 0.006445819201747715 1000192
[-0.00221299 -0.01652284  0.00272748 -0.00059352  0.00194906 -0.02759154
  0.02497149  0.00546868 -0.02286855  0.01742321] 0.004137319881434938 1000192
Giá trị trung bình (mean) của Zakharov trong DE: 8.544452908384267e-06
Độ lệch chuẩn (std) của Zakharov trong DE: 8.910890989256948e-07
Giá trị trung bình (mean) của Zakharov trong CEM: 0.009841298096070426
Độ lệch chuẩn (std) của Zakharov trong CEM: 0.004542457953069965
===========================================================
popsize = 512
DE:
(array([-9.24836188e-04,  1.08932439e-03,  7.42873674e-04,  9.07218658e-05,
       -7.40640916e-04, -5.06620235e-04,  1.17746725e-03, -5.22648876e-04,
       -7.53554910e-05,  1.34296429e-04]), 5.926175116000542e-06, 784897)
(array([ 1.83088267e-05,  1.09114075e-04,  1.73471952e-03, -8.91054952e-04,
       -1.13335777e-03, -1.91558873e-04,  4.00134267e-04, -1.37941819e-03,
        5.48247477e-04,  5.73724509e-04]), 9.395057174022617e-06, 781825)
(array([-1.65088255e-03, -1.52811422e-04,  4.99421091e-05,  1.53196005e-05,
       -4.91068990e-04,  1.22141684e-03, -6.10809480e-04, -7.86270897e-04,
        7.32967926e-04,  1.49055018e-04]), 6.140630573007818e-06, 795649)
(array([-7.64091366e-04, -1.88914698e-03,  7.27982469e-04, -6.02430104e-04,
        1.26554116e-03,  2.54841407e-05,  1.22587488e-03, -8.63247197e-04,
       -9.93689804e-05, -4.20395478e-04]), 9.81401200944911e-06, 766465)
(array([-0.00161154, -0.00011601,  0.00076701, -0.00014199,  0.00139543,
        0.00045   , -0.00095126, -0.00054414, -0.00015623,  0.00033424]), 6.766130973889142e-06, 753665)
(array([ 0.00011547, -0.00012205,  0.00163168,  0.00076145, -0.00025757,
       -0.00031563,  0.00018349,  0.00013652,  0.00062729, -0.00094549]), 7.332902992956312e-06, 790529)
(array([ 8.12423121e-05, -6.88766645e-04,  1.90107874e-03, -5.98418749e-04,
        4.27362281e-04,  4.57518014e-05, -8.81858188e-04, -1.04243806e-03,
        1.04764662e-03,  1.21128832e-04]), 7.690751605675705e-06, 778753)
(array([-7.40179558e-04,  2.34372671e-04, -2.41866473e-04, -5.81163924e-04,
        1.52145335e-03, -9.92514101e-05, -1.47681908e-03,  4.21026138e-04,
       -1.24441291e-04,  7.12989032e-04]), 8.069675795279685e-06, 754177)
(array([ 2.03087025e-03, -2.91749033e-04,  2.05442393e-04,  1.71432090e-03,
        8.66960415e-04,  8.46164813e-05, -5.46453802e-04, -9.10511680e-04,
       -1.02505760e-04, -1.34503466e-04]), 9.143046563563564e-06, 798721)
(array([ 1.07393595e-03, -3.28105965e-05,  1.22003777e-04, -5.04372536e-04,
        6.59179194e-04,  2.94758338e-04, -1.40472217e-04, -1.35805312e-03,
       -6.48065891e-04,  1.01431760e-03]), 7.685121872495021e-06, 768001)
---------------------------------------------------------
CEM
[-0.00306556 -0.02924889 -0.00671924  0.03492995  0.03096617 -0.00544655
  0.00311997  0.01757522 -0.02032311 -0.01598798] 0.008388937729135876 1000448
[ 0.0317523  -0.00693146  0.02282911 -0.01653469  0.00276997 -0.00684984
  0.00680512 -0.00579772  0.01497044 -0.01516727] 0.0034774701864963764 1000448
[ 0.04089264  0.01969948 -0.00439122  0.0038569  -0.00847776  0.00618244
  0.00947724  0.01368967 -0.01897722 -0.0028391 ] 0.008259305908399706 1000448
[ 0.01503125  0.01826092  0.0139417  -0.01593178 -0.00067888 -0.02415538
  0.03767583  0.00696482 -0.00563088 -0.01541715] 0.005116945797719161 1000448
[-0.01071429 -0.00096904  0.01727303  0.02469504 -0.01886855 -0.00710165
  0.00852896  0.01034988  0.00825246 -0.02617754] 0.007324209382140867 1000448
[ 0.00667161  0.02240434  0.003717    0.01571889  0.02553848 -0.00740419
 -0.01814091  0.00180774 -0.01431022  0.00815596] 0.007257733935963257 1000448
[ 0.00828161  0.00070309 -0.02423761  0.01035038 -0.0099006  -0.00657073
 -0.00402984  0.0247407   0.00190697 -0.00897929] 0.003383954444216445 1000448
[ 0.01127611 -0.009292    0.00386721 -0.0006568   0.01014724  0.00537545
  0.00438003 -0.01129477 -0.0046296  -0.00040291] 0.004542541027145169 1000448
[-0.02433001  0.01363249  0.03673585  0.02109508 -0.02127199  0.01587828
 -0.0200793  -0.00369968 -0.00463623  0.00175263] 0.008306294325735793 1000448
[ 0.02132989 -0.01831319  0.01372734 -0.01226713  0.0092289   0.00702199
 -0.00765074  0.00033683 -0.01387828  0.00242234] 0.005453653532396346 1000448
Giá trị trung bình (mean) của Zakharov trong DE: 7.796350467633953e-06
Độ lệch chuẩn (std) của Zakharov trong DE: 1.2670335923847876e-06
Giá trị trung bình (mean) của Zakharov trong CEM: 0.006151104626934899
Độ lệch chuẩn (std) của Zakharov trong CEM: 0.0018880385613457527
===========================================================
popsize = 1024
DE:
(array([ 0.00498576,  0.0178814 ,  0.01930002,  0.03759102, -0.02590338,
       -0.02758403,  0.03927064,  0.01538217, -0.01015944, -0.02866535]), 0.006436672632460027, 1000449)
(array([-0.02043579, -0.01473432, -0.03940373,  0.01789479, -0.02987384,
        0.01428608,  0.01645295, -0.01237529,  0.01461819, -0.00939455]), 0.007168321850759635, 1000449)
(array([-0.02955364, -0.05740164,  0.04621403,  0.02357372,  0.00089385,
        0.01334155,  0.01998944,  0.00981331, -0.00628969, -0.03359202]), 0.008702729223789342, 1000449)
(array([ 0.02288688, -0.02282684, -0.01908144,  0.00095063, -0.05810618,
        0.00029936, -0.00834848,  0.00927332,  0.00859483,  0.02549429]), 0.005737224517842251, 1000449)
(array([-0.03248351, -0.01590821,  0.00691552, -0.00859498, -0.03755032,
        0.00633691, -0.02186668, -0.01240107, -0.01462539,  0.0553208 ]), 0.007638536204809045, 1000449)
(array([-0.03234718, -0.01926955, -0.00612553,  0.00088831,  0.02237773,
       -0.04475709,  0.05851246, -0.00200901, -0.03744973,  0.01854028]), 0.009133955410087241, 1000449)
(array([-0.0006213 , -0.03629301, -0.00077083, -0.03469995, -0.02150585,
       -0.00246903,  0.03109437,  0.01627799,  0.0266929 , -0.0353361 ]), 0.008786650170988765, 1000449)
(array([ 0.03311622, -0.00703001,  0.0273252 ,  0.00416942,  0.02900301,
        0.05213143, -0.04419699,  0.01698458,  0.00421574, -0.04131292]), 0.009615301487194755, 1000449)
(array([ 0.00505996, -0.04925221, -0.00154909, -0.03804119,  0.02258596,
        0.00435097, -0.00190291,  0.01270821,  0.02578572, -0.03221862]), 0.009499918324714168, 1000449)
(array([ 0.00142787, -0.02596708, -0.02044724,  0.03581974, -0.01019234,
        0.02254993,  0.01770951, -0.02718889, -0.00098964, -0.00471116]), 0.004351481146456334, 1000449)
---------------------------------------------------------
CEM
[-7.40870588e-03 -1.10966617e-02 -6.44894461e-03  1.40647720e-02
  9.73413591e-05 -4.12613725e-03  5.21253670e-04 -3.60415338e-03
  6.62337410e-03  9.07390056e-04] 0.00457413950804034 1000448
[ 1.47485514e-05  2.21979750e-02  8.41600665e-03 -7.76050811e-03
 -1.37077814e-02 -6.80734509e-03 -1.82076482e-03 -3.48593525e-03
  5.10574734e-03  8.35084593e-03] 0.0038809531068579564 1000448
[-0.00375786 -0.02443141  0.00729773 -0.00907405 -0.0023653   0.00820559
  0.00564055 -0.00899977  0.00342308  0.0060566 ] 0.0032206480780719127 1000448
[-0.01586397  0.00781359  0.00728921  0.01818156 -0.0027215   0.00638905
  0.01760238 -0.01729584 -0.01093039 -0.00394047] 0.006004563670897509 1000448
[-0.0266281  -0.0041922   0.00099996  0.00903715  0.0218245  -0.01492039
 -0.01512716  0.0084321   0.01019406 -0.00712136] 0.005434363960279549 1000448
[ 0.00695665  0.01262813 -0.0064856   0.00878604  0.00648714 -0.00658595
 -0.01332142 -0.00089508  0.00157535  0.00417215] 0.0031228200008837407 1000448
[-0.01515717  0.00360874  0.00812556  0.01502453 -0.01731685 -0.00048103
  0.00271316 -0.00054983  0.00710542 -0.0065615 ] 0.006756738691042227 1000448
[-0.00786381 -0.01443077 -0.0056459  -0.01638473  0.00057372  0.00279067
  0.01372927  0.01896804 -0.00876211 -0.00282907] 0.003908590480828916 1000448
[ 0.00699356  0.00149131  0.01846234 -0.00262091  0.00185632  0.00978405
 -0.00261259 -0.0085097   0.00700611 -0.01027666] 0.007389252816909769 1000448
[ 0.00471475 -0.00563713 -0.00506898 -0.00032205 -0.00226508 -0.00022585
  0.02507565  0.00420888 -0.01763044 -0.00215563] 0.003164624128252094 1000448
Giá trị trung bình (mean) của Zakharov trong DE: 0.007707079096910157
Độ lệch chuẩn (std) của Zakharov trong DE: 0.0016762341373090636
Giá trị trung bình (mean) của Zakharov trong CEM: 0.004745669444206401
Độ lệch chuẩn (std) của Zakharov trong CEM: 0.0014842149508220144
===========================================================