popsize = 32
DE:
(array([-1.41252308e-06,  1.36050141e-06, -1.54313934e-06, -2.08926215e-06,
        9.55245290e-07,  1.08177986e-06,  3.54567873e-06,  2.90157033e-06,
        1.64983640e-06, -2.34550742e-06]), 8.1869963648451e-06, 18689)
(array([ 1.29252333e-06,  1.20179087e-06, -1.29736874e-06, -4.75366966e-06,
       -2.37242122e-06, -6.49653981e-07,  2.15646619e-06, -3.44187931e-06,
       -1.30388860e-06,  1.63305599e-06]), 9.322071765627271e-06, 19521)
(array([-3.04320239e-06,  5.20481446e-07,  1.83611552e-06,  1.67031599e-06,
       -2.06364129e-07,  2.79163501e-06,  2.10329655e-06, -1.78132679e-06,
        8.81368044e-07, -4.09384515e-06]), 8.824084073655314e-06, 18465)
(array([-2.73557463e-06, -2.82770717e-06,  2.39871366e-06, -1.58358877e-06,
        2.64069083e-07,  2.38500117e-06,  1.16607798e-06, -9.91508173e-07,
        1.82017156e-06,  1.27376426e-06]), 7.671145354937181e-06, 18977)
(array([ 2.77001564e-06, -1.15637002e-07,  2.49503180e-06, -8.52170570e-09,
        1.54982423e-06,  3.00031039e-06,  9.78237222e-07,  2.16992976e-06,
        4.06582953e-07,  3.90706668e-06]), 8.617574402070005e-06, 19489)
(array([-1.55390555e-06,  9.71043054e-07,  9.30646532e-07, -1.91890624e-06,
        1.94675335e-06,  3.44179710e-06, -1.12460612e-06,  3.80233211e-06,
        4.22087315e-07,  1.64700899e-06]), 8.21289098640321e-06, 19137)
(array([-1.98546521e-06,  2.02028891e-06, -3.39493891e-06,  1.40481408e-06,
       -8.25691611e-07, -4.44273579e-06,  2.64671271e-06, -8.72270871e-07,
        2.72476153e-08, -1.58534270e-06]), 9.141168118009801e-06, 18305)
(array([-8.83945123e-07,  4.50171251e-06, -1.91049285e-06, -2.37145279e-06,
       -4.59484753e-07, -1.68737376e-06,  2.24342972e-06,  1.42151018e-06,
        1.87458589e-06,  2.89804693e-06]), 9.151918508809587e-06, 18721)
(array([-5.23012579e-06,  1.34677706e-07,  7.41967303e-07,  9.23523936e-07,
        1.58715382e-06,  3.30323136e-06, -9.15466174e-07, -6.99479028e-07,
       -2.18340766e-06,  1.89769102e-06]), 9.113081461453731e-06, 19169)
(array([-1.84508350e-06, -9.79585453e-07, -2.34407550e-06,  1.97384559e-06,
       -1.91769382e-06,  4.24651338e-06,  1.39556816e-08, -6.98586147e-07,
        3.50998742e-06, -1.77307323e-06]), 9.070411231437703e-06, 19361)
---------------------------------------------------------
CEM
[ 9.71483486e-01 -4.37820275e-05 -9.30398645e-01 -4.89830669e-02
 -1.44616337e-02  6.20707842e-02 -9.10350646e-01 -3.08378723e-03
  6.36437987e-02 -9.37598829e-02] 2.188767660606214 1000032
[ 0.03152063 -0.0103897  -0.08483946  0.01313943  0.03268277  0.09070607
  0.05364185 -0.00023089  0.03427678  0.01052113] 0.40283710440080656 1000032
[-0.80672426  0.95398917  0.06321255 -0.08675022  0.03329981 -0.11258137
  0.03692015 -0.87863708  0.96128688  0.04306903] 2.5144777726778185 1000032
[-6.18407931e-03 -8.86661712e-01 -9.06279948e-01  6.61658700e-03
 -4.16999286e-03 -5.72307231e-05  9.33112346e-01  4.97269142e-02
  2.21814788e-02  1.28530446e-02] 2.063774691248103 1000032
[-0.0163634   0.92916344 -0.01376811 -0.93103072 -0.91128279 -0.05234608
  0.07462237  0.04824321  0.02918211 -0.88043288] 2.386315448413104 1000032
[ 0.07085053 -0.07870739  0.02274602  0.02021828  0.03257181 -0.00031487
 -0.0128504  -0.03786147 -0.08332469  0.01908265] 0.33925009224963576 1000032
[-0.08686978 -0.91083535 -0.01126451  0.98978653 -0.90382603  0.04106348
  0.05872759  0.0240671  -0.09469663  0.95540035] 2.427496746727336 1000032
[ 0.01171827 -0.02418476  0.91793478  0.86968161  0.0094769  -0.96484756
 -0.9646118   0.90088502  0.04089653 -0.8817089 ] 2.937791896513588 1000032
[ 0.02864675  0.02051872  0.05017664  0.0669577  -0.02102658  0.00878783
 -0.03248039  0.02494439 -0.00607478  0.00539654] 0.18941970221595428 1000032
[-0.0010021  -0.06423852  0.04744173 -0.00673777  0.07676693  0.0176342
  0.07725569  0.00366787 -0.1119818   0.01962135] 0.40401351536802865 1000032
Giá trị trung bình (mean) của ACKLEY trong DE: 8.73113422672489e-06
Độ lệch chuẩn (std) của ACKLEY trong DE: 5.162519675491544e-07
Giá trị trung bình (mean) của ACKLEY trong CEM: 1.5854144630420588
Độ lệch chuẩn (std) của ACKLEY trong CEM: 1.0455341374293796
===========================================================
popsize = 64
DE:
(array([-3.46849276e-07, -2.98090613e-07,  3.58186664e-07,  1.53838880e-06,
       -1.06596999e-06, -5.27624513e-06,  8.67046214e-07, -1.54707510e-06,
        7.91157712e-07,  5.17589058e-06]), 9.979520950498255e-06, 40193)
(array([-4.11544781e-06,  9.45595061e-07,  1.53599866e-07,  6.68215996e-07,
       -4.85273437e-07,  1.30634003e-06, -3.26130467e-06, -3.10045078e-06,
       -1.52330197e-06, -3.27049126e-07]), 8.287036803000802e-06, 40705)
(array([ 1.09088361e-06,  3.04483992e-06, -3.17796383e-06, -2.43589661e-06,
       -7.36126469e-07,  1.71654440e-06, -1.65027562e-06,  3.42025155e-06,
       -1.94297467e-06, -7.82373545e-07]), 8.835762745906806e-06, 39617)
(array([-3.15948918e-06,  1.42326654e-06,  2.26283743e-06, -6.27320046e-07,
        1.16746377e-06,  1.56847880e-06,  3.50715150e-06, -1.68753747e-06,
        2.23226776e-06, -3.43797461e-06]), 9.234628745691253e-06, 40193)
(array([-1.77240851e-06,  2.39547335e-06,  9.77721331e-07, -4.56463610e-07,
       -1.46558223e-06,  2.56078740e-06,  4.07039456e-06, -2.96533074e-06,
        1.97905892e-06,  3.71545153e-06]), 9.946756869272377e-06, 40449)
(array([ 2.57176708e-06,  2.87095550e-06, -1.66478811e-06,  3.63071553e-07,
       -6.50019254e-07,  2.20641330e-06,  1.94923325e-06,  1.82362380e-06,
        2.52433366e-07, -4.05917095e-06]), 8.645821243380425e-06, 40257)
(array([ 4.92195409e-06, -3.12197604e-06,  2.32517659e-06, -2.37602187e-06,
        2.49142990e-06, -2.88747968e-06,  1.21457052e-07, -5.90036969e-07,
       -7.11194924e-07, -1.91229317e-07]), 9.836932588047631e-06, 36737)
(array([ 1.82198730e-06,  2.85744548e-06,  2.23759148e-06,  2.74489227e-06,
        2.63587918e-06,  7.31922224e-07,  4.62721394e-07,  1.04673158e-06,
       -4.35883344e-06, -1.04600159e-06]), 9.201391045099427e-06, 39425)
(array([-3.58669030e-06,  1.29772956e-07,  4.87617258e-06, -1.39257999e-06,
        2.24787865e-06, -2.33478309e-07,  2.14711301e-06, -3.04232135e-06,
        8.31350877e-07,  1.89459731e-06]), 9.94831039635713e-06, 39297)
(array([-1.81853500e-06,  3.74078116e-06,  2.92421731e-06,  2.60079240e-06,
       -2.65345467e-06, -1.25853168e-06, -9.66801655e-08,  1.57998694e-06,
       -2.37421015e-06, -2.84963894e-06]), 9.592255083124002e-06, 39233)
---------------------------------------------------------
CEM
[ 0.01632427  0.9304483  -0.01502696 -0.00893108 -0.92831586  0.02056742
 -0.02496586 -0.0141618  -0.00974829  0.92837786] 2.0303710878668153 1000064
[ 9.53615140e-01  8.73683669e-04  1.18815932e-02 -9.53470794e-01
 -9.41125325e-01  1.05464258e-03 -9.52601834e-01  9.17040134e-01
 -2.22319036e-03 -6.65951219e-03] 2.608194035194153 1000064
[ 0.94900042  0.94698276 -0.00895035 -0.01129034  0.96318778  0.94586847
 -0.00640971  0.01130685 -0.934623   -0.96174687] 2.8404855713739896 1000064
[-0.93553369 -0.98666584 -0.92763038  0.97723719  0.00860735  0.00205697
 -0.93805345 -0.96297167  0.00722958  0.01182483] 2.8603277394421167 1000064
[-9.39576100e-01 -2.41430620e-02 -9.43686487e-03 -1.92439598e+00
  9.43597654e-01 -2.80349798e-03  2.16718520e-02 -2.58782175e-02
 -9.53634499e-01 -2.77241888e-05] 3.059165595011273 1000064
[ 4.41306836e-03  2.20547491e-04  1.72409417e-02 -3.05378808e-02
  9.33885761e-01  8.06456489e-03  9.24796404e-01  9.35485304e-01
  1.79424205e-02 -1.47405352e-02] 2.056465379314528 1000064
[-0.96713539  0.01403125  0.94787463 -0.00487248  0.94986698  0.04808681
 -0.00510616  0.02514403 -0.92965391 -0.95002438] 2.5930595817077244 1000064
[ 0.02170254  0.02080045  0.00415314  0.86639642 -0.01668041 -0.01803814
 -0.02117138  0.00636003  0.00278377  0.01612257] 1.1853458840539237 1000064
[-0.01667443  0.01187141  0.95477638 -0.92304587 -0.95335414  0.01867464
  0.00553581  0.00399631  0.93763298 -0.9668293 ] 2.6091519260577987 1000064
[ 0.95406151  0.02260412  0.93239349 -0.00208342  0.94537394  0.94978135
 -0.02855379 -0.95326693 -0.00602731  0.93230848] 2.8357308351121344 1000064
Giá trị trung bình (mean) của ACKLEY trong DE: 9.35084164703781e-06
Độ lệch chuẩn (std) của ACKLEY trong DE: 5.772146988926744e-07
Giá trị trung bình (mean) của ACKLEY trong CEM: 2.4678297635134454
Độ lệch chuẩn (std) của ACKLEY trong CEM: 0.532791564934359
===========================================================
popsize = 128
DE:
(array([-1.96015764e-06,  5.04134241e-07,  4.05771784e-06,  5.17939176e-07,
        1.26237031e-06,  1.56041173e-06,  3.22877521e-06, -8.96864881e-07,
       -1.41051133e-06,  1.17013633e-06]), 7.9446456315857e-06, 80513)
(array([ 2.81353242e-06,  2.17333383e-06,  6.80558167e-07,  2.65136160e-06,
       -1.89176867e-06,  4.68162546e-06,  6.39999083e-07,  3.27133782e-06,
        5.78877398e-07, -1.55660686e-06]), 9.757201777649271e-06, 81921)
(array([ 1.59837613e-06, -1.20564392e-06, -1.15174946e-06,  1.40436540e-06,
        1.39881622e-06, -3.11984630e-08,  1.08728677e-06,  3.03120487e-07,
        4.92423399e-06, -1.81617810e-06]), 7.806402461785211e-06, 79745)
(array([-5.86743535e-08, -1.66277097e-06, -1.56820927e-06, -2.14861870e-06,
       -3.07640025e-07,  9.76928588e-07,  3.64176683e-06,  2.23420425e-06,
        2.23387445e-06, -5.09466719e-07]), 7.418755580079761e-06, 80897)
(array([ 1.48591361e-06,  2.15909495e-06, -8.10799384e-07, -4.91450056e-06,
       -2.74874989e-06,  8.44235914e-07,  8.28119020e-07,  1.47591878e-06,
       -3.89672661e-07,  1.01087908e-06]), 8.389326261681873e-06, 77057)
(array([-2.68106931e-06,  1.96997701e-06,  1.28858943e-06, -1.61965856e-06,
       -1.39079250e-07, -2.20957481e-06,  1.80389631e-06, -2.06124889e-07,
        1.21000419e-06,  3.71337154e-06]), 7.879702100144215e-06, 78081)
(array([-1.56063558e-06, -1.72904123e-06, -4.06400407e-06, -2.41009273e-06,
        5.60744348e-07,  2.47880399e-06, -1.60393580e-06, -7.49804084e-08,
       -4.11521436e-07,  4.54396057e-06]), 9.600632278949917e-06, 82305)
(array([-2.63780087e-06, -8.79074933e-07,  3.26643552e-06, -1.14446294e-06,
        9.20321920e-07,  4.05631501e-06, -2.99865240e-06, -7.92114823e-07,
       -1.41135310e-06, -2.47023530e-06]), 9.357572125612279e-06, 82433)
(array([-6.46854627e-07,  1.74646441e-06,  1.91271354e-06, -1.52595797e-06,
       -1.94504645e-06,  6.15877342e-07, -3.53751230e-06, -4.18713383e-06,
        4.18490707e-06, -1.04243332e-06]), 9.981456795760124e-06, 79745)
(array([ 1.46207380e-06,  4.50911157e-06,  1.93670909e-06,  3.65982794e-06,
       -3.65964242e-07, -9.04046051e-07, -4.17612015e-06,  1.85637198e-06,
       -4.47104511e-08,  2.55690312e-07]), 9.921588170147544e-06, 80641)
---------------------------------------------------------
CEM
[-0.01331076 -0.94738615  0.00891556  0.00896329 -0.92396149  0.96423165
 -0.01437637  0.95649688 -0.00193116  0.96003494] 2.5981613533379186 1000064
[ 0.02406893 -0.00616603  0.00130824 -0.00845048 -0.01075774 -0.91652908
 -0.01405395 -0.93927397 -0.00521008 -0.00922937] 1.6690224155375017 1000064
[-1.07274300e-02  2.58627686e-02 -8.98406339e-01  3.08561494e-03
 -2.41026444e-03  4.95392204e-03  7.39730869e-05  3.02448124e-04
  3.03692274e-03 -9.07430626e-01] 1.6729745553681217 1000064
[ 0.92147142  0.02023682 -0.9406678  -0.01570188 -0.00268591  0.94665254
 -0.022088    0.96744256  0.01046984  0.00679416] 2.343266085082132 1000064
[-9.56276872e-01 -9.51416714e-04 -9.52233317e-01  2.45823319e-03
 -9.63407851e-01  9.42735733e-01  8.94314266e-03 -1.26295799e-02
  9.37487916e-01 -1.91472556e-03] 2.610524916846853 1000064
[ 0.95364898 -0.95502087  0.95286601  0.00113391  0.00151774  0.95568488
  0.97988072 -0.95154867 -0.95621519  0.00774289] 3.0570257538845707 1000064
[ 0.9389448   0.96007125 -0.00356961  0.93995684  0.00393888  0.01298656
  0.92989114 -0.9359754  -0.00619344 -0.95512568] 2.8298743720755586 1000064
[-6.42318683e-03 -7.05538476e-03  8.59551793e-04 -1.54155065e-02
 -3.51989800e-03 -1.83261350e-02  1.85698103e-02 -6.45324751e-04
  1.08895873e-02  8.78231814e-01] 1.1700733248076216 1000064
[ 2.11853259e-03  1.37852576e-02 -3.29420073e-03 -8.63942058e-04
  4.16648846e-03 -9.47116062e-01  9.35823855e-01 -9.65263048e-01
  5.64481712e-03 -9.49883524e-01] 2.340557546348617 1000064
[-1.05227027e-02  9.37081556e-01 -1.70220366e-02  3.87468361e-05
  7.26583719e-03  1.41278449e-02 -6.36300926e-04  9.42646496e-01
  7.64234464e-04  9.43462531e-01] 2.027822569172255 1000064
Giá trị trung bình (mean) của ACKLEY trong DE: 8.805728318339589e-06
Độ lệch chuẩn (std) của ACKLEY trong DE: 9.572831590882512e-07
Giá trị trung bình (mean) của ACKLEY trong CEM: 2.231930289246115
Độ lệch chuẩn (std) của ACKLEY trong CEM: 0.5602206027780683
===========================================================
popsize = 256
DE:
(array([-1.41539957e-06, -1.23773678e-07,  6.87616276e-07, -1.12044393e-06,
       -6.18928818e-07, -3.68556674e-06, -2.59436879e-07,  6.50965916e-07,
       -3.82167768e-06,  2.07988223e-06]), 7.708432982145297e-06, 163585)
(array([ 3.41141267e-06, -1.13540709e-06, -3.32849252e-06,  2.21669148e-06,
        4.05539030e-06, -2.96550148e-07,  1.48551294e-06,  2.32732405e-06,
       -3.67705092e-07, -1.56378022e-06]), 9.437024932612559e-06, 159745)
(array([-1.20165930e-07, -1.22062105e-06, -1.48150919e-06, -2.26745351e-06,
       -4.10958107e-06, -3.67677372e-06, -1.89431852e-06,  6.73091469e-07,
        3.21594043e-07,  2.49082344e-06]), 8.908418692943343e-06, 163841)
(array([-5.31812655e-06,  9.84467634e-07, -8.93302302e-07,  7.38243490e-07,
       -5.52907227e-07, -2.91229190e-06, -2.42730888e-06,  2.79918911e-06,
       -2.40315390e-06,  4.24470026e-07]), 9.721582046484656e-06, 165377)
(array([ 8.93105586e-07,  2.21491463e-06,  6.03957631e-07,  1.36864570e-06,
        4.95144852e-07,  2.58799828e-06,  3.60375721e-07, -3.98096738e-06,
        4.34787144e-06,  2.93025168e-06]), 9.662830255496857e-06, 162305)
(array([ 3.52926776e-07, -6.21680089e-07,  7.43223324e-07,  3.44136972e-07,
       -9.65134291e-07,  2.61314581e-06, -1.82119323e-06,  3.28393107e-06,
        5.89308276e-06,  1.81379377e-06]), 9.88454212036416e-06, 158977)
(array([-6.05708995e-07, -4.49581537e-06,  8.22062803e-07,  3.97125621e-06,
        3.75435071e-06,  2.70713566e-08,  2.51713185e-06,  2.00460557e-06,
       -1.35464381e-07,  5.29216658e-08]), 9.919789758061626e-06, 163841)
(array([ 1.09586605e-07,  6.94005497e-07, -3.30082849e-06,  2.38409610e-06,
       -5.17530594e-07,  2.55004014e-06, -2.72762631e-06, -2.05821091e-06,
       -4.28623457e-06, -9.27947521e-07]), 9.360005198022492e-06, 161793)
(array([ 2.51818197e-06, -4.37836420e-07,  2.86627759e-06,  2.62709616e-06,
       -6.94238012e-08,  6.91227838e-07,  1.80735096e-06,  1.65923211e-06,
       -1.40997047e-06,  2.29500633e-06]), 7.526927860102006e-06, 166657)
(array([-3.72638388e-07,  1.20413047e-06, -5.67574124e-07, -1.62910391e-06,
       -2.51716781e-07, -2.63759826e-06, -5.31535912e-06,  1.65883119e-06,
       -3.08451278e-06,  1.14262327e-06]), 9.244505634331546e-06, 165889)
---------------------------------------------------------
CEM
[-9.58069634e-01 -9.52096377e-01  9.50018377e-01 -9.67042313e-01
  9.51456475e-01  1.08951601e-03  2.37230254e-03  9.64504050e-01
 -5.10168565e-04  9.77148038e-01] 3.0404629426400516 1000192
[ 0.00752829  0.95301078  0.93799813  0.9484525  -0.93859786  0.00720531
  0.00796755 -0.00253708  0.001762   -0.00216063] 2.3383504429789252 1000192
[-6.01363690e-04 -9.57409026e-01 -9.71362240e-01  9.97309768e-03
  9.45963659e-01 -9.50107597e-01 -9.50456523e-01 -1.76106368e-02
  7.14101469e-03 -9.03133173e-03] 2.5906756926195027 1000192
[-0.00797902 -0.00213023 -0.96379053  0.94860334 -0.00776348  0.00740289
 -1.92281299  0.00943031 -0.01056112 -0.9487073 ] 3.044293277408205 1000192
[-1.31549204e-02  1.24894884e-03 -9.68518911e-03  9.51384014e-01
 -1.54542982e-04  9.57270432e-01 -7.55944007e-03  4.40021403e-03
  9.47510700e-01 -9.39713985e-01] 2.3351253110567645 1000192
[-0.0057455   0.93877819 -0.00238045 -0.00581807  0.94144118  0.00100528
  0.91972267 -0.00688416 -0.00285563  0.00376521] 2.0291226684192663 1000192
[ 0.00453307  0.00273223 -0.95179598 -0.94225351 -0.96124821 -0.95627648
  0.00354174 -0.9650921   0.00487952 -0.00744548] 2.5852037002538677 1000192
[-9.99633560e-03 -1.80168754e-03 -5.37852751e-03 -2.44304089e-03
 -8.40312807e-03 -5.52057557e-04  1.01972253e-03  5.55103525e-04
 -8.77274505e-01 -1.06007148e-02] 1.1628606120584526 1000192
[-9.66122194e-01  8.15826587e-03 -1.93225781e+00 -9.56216362e-01
 -9.71125612e-01  1.04014613e-03  3.38684031e-03  4.45400108e-03
  3.50661600e-03 -9.91394397e-04] 3.041956590189518 1000192
[ 3.33349303e-03  1.91320875e+00  9.60594700e-01  1.06850223e-02
 -1.90836335e-04  4.26426499e-03  2.79056263e-03 -2.46324572e-03
  9.60858344e-01 -1.40527790e-03] 2.8270762548471216 1000192
Giá trị trung bình (mean) của ACKLEY trong DE: 9.137405948056455e-06
Độ lệch chuẩn (std) của ACKLEY trong DE: 8.140331799033451e-07
Giá trị trung bình (mean) của ACKLEY trong CEM: 2.4995127492471676
Độ lệch chuẩn (std) của ACKLEY trong CEM: 0.5538512445133729
===========================================================
popsize = 512
DE:
(array([ 1.16592068e-06, -1.88147225e-07, -2.97976174e-06, -2.04970465e-06,
       -2.32291915e-07, -7.15047576e-07, -4.21819644e-06, -1.65823803e-06,
       -3.29422141e-06,  9.67192337e-07]), 8.706165897098828e-06, 320513)
(array([-1.48132026e-06,  1.86026947e-06,  3.65012425e-08,  1.80691224e-06,
       -4.79136585e-06, -8.39864236e-07,  1.70203517e-07, -4.94036679e-07,
        3.41677405e-07, -1.46430557e-09]), 7.2636207488763205e-06, 321537)
(array([-2.64720474e-06, -3.04772236e-06, -3.14001399e-06, -2.50132766e-06,
       -1.31196606e-06, -3.24590661e-06,  1.44853477e-06, -1.28295235e-06,
       -2.31764602e-06, -1.66478725e-06]), 9.512988853987991e-06, 322049)
(array([ 1.14932449e-07,  1.57491543e-06, -3.51767831e-06,  1.78580931e-06,
       -1.68483317e-06, -1.50926208e-06, -8.06497563e-07, -5.56584359e-06,
       -6.28535466e-07, -2.61574844e-06]), 9.96342457115773e-06, 311809)
(array([ 1.04879036e-06,  2.01124865e-06,  5.27953495e-07,  2.99802544e-06,
        1.62982978e-07, -1.87607633e-06, -3.96306602e-06, -1.14949733e-06,
        5.13414926e-06,  3.32815990e-07]), 9.916430645962038e-06, 321537)
(array([-2.15225812e-06,  1.12477779e-06,  5.16497597e-06,  9.50210981e-07,
        1.49914671e-06, -3.26660898e-06,  1.63555603e-06,  2.65113961e-07,
       -1.66556224e-06, -3.12167235e-06]), 9.932873485940519e-06, 325121)
(array([ 2.12699006e-06,  4.76620953e-06, -8.90541310e-07,  2.95985190e-06,
        1.19601805e-06,  3.70781093e-06,  4.71070352e-07,  1.52046960e-06,
        1.11828404e-06,  1.90364482e-06]), 9.74761174932226e-06, 328193)
(array([ 3.38723461e-06, -3.61200100e-07,  4.68942266e-07, -4.51876781e-06,
        2.09295068e-06,  1.10166490e-06, -3.25078449e-06,  2.39902700e-07,
       -1.32591380e-06, -1.12214721e-06]), 9.075913301348493e-06, 317441)
(array([-3.57507628e-07, -1.10090342e-06, -3.76726548e-07, -3.90272773e-06,
        1.32381654e-06,  2.32232632e-06,  2.62359060e-06,  2.33582177e-06,
       -5.09752130e-06,  5.54420928e-07]), 9.999540246941052e-06, 330753)
(array([ 3.62279785e-06,  1.41224295e-06, -3.54412598e-06, -4.43028572e-06,
       -4.07549222e-07, -2.16895744e-06,  2.12042615e-06, -7.18091373e-07,
        1.42616106e-06,  6.13606229e-07]), 9.765573200315458e-06, 322561)
---------------------------------------------------------
CEM
[ 0.95786524  0.96965402  0.01070563  0.00418225 -0.95907765 -0.95646673
 -0.00097739 -0.95008608  0.96002087 -0.00424402] 2.829805537275686 1000448
[-3.43163396e-03 -3.95619504e-05  9.56346372e-01 -9.57620988e-01
 -8.13879398e-03  9.61955258e-01  9.57259661e-01 -9.52782746e-01
  1.79014014e-03 -3.76595600e-03] 2.5900476936653374 1000448
[-0.014843   -0.97145587 -1.94176141  0.96043864 -0.00694313 -0.00697382
  0.96362139 -0.96480994  0.96994422  0.9661656 ] 3.585337355246342 1000448
[ 1.51722892e-02  9.37033272e-01 -9.08828105e-04  9.34989515e-01
 -3.43290609e-03 -9.31463091e-01  1.83478598e-03  6.30333504e-03
  6.74144958e-03 -4.19094695e-03] 2.0274532106443357 1000448
[-0.00386703 -0.01362559  0.0015901  -0.92486424 -0.00339081 -0.93312042
 -0.93019892  0.00742653  0.00606637  0.00463188] 2.0321880314470957 1000448
[ 0.0036033   0.96699208  0.00712876  0.95438648  0.0099489   0.9489415
  0.95288202 -0.00775376  0.9537729  -0.95323431] 2.8353575417227757 1000448
[ 0.95583188 -0.95201714 -0.00398735  0.9607242  -0.96104175 -0.01913622
  0.95729042 -0.0089108   0.95664692  0.00200893] 2.825903712479857 1000448
[ 1.59153426e-04 -8.29066145e-04  2.83844526e-03 -8.52759475e-01
 -2.11422106e-03  8.71181762e-04 -3.60280956e-03 -9.91667798e-03
 -3.21461471e-03 -8.27823630e-03] 1.1715310119860907 1000448
[-0.93266255 -0.00216003  0.93321183  0.93480615  0.00377804 -0.00820407
  0.00105504 -0.00159913 -0.00121262  0.00570351] 2.0244567295572335 1000448
[ 0.00261677 -0.00891006  0.00711846  0.00364664 -0.00051313 -0.00060682
  0.01026064  0.00083396 -0.00701844  0.00247764] 0.0846737591336546 1000448
Giá trị trung bình (mean) của ACKLEY trong DE: 9.38841427009507e-06
Độ lệch chuẩn (std) của ACKLEY trong DE: 8.151077632573405e-07
Giá trị trung bình (mean) của ACKLEY trong CEM: 2.2006754583158408
Độ lệch chuẩn (std) của ACKLEY trong CEM: 0.9425754167358066
===========================================================
popsize = 1024
DE:
(array([-2.41939960e-08, -2.76351466e-06,  2.18730710e-06, -1.93657252e-06,
        1.70396717e-06,  9.94569023e-07, -2.68297285e-06, -9.70146677e-07,
       -3.66282630e-06,  2.82297019e-06]), 8.907778305644598e-06, 652289)
(array([ 1.65238201e-07,  5.60613481e-06,  1.17789750e-06,  9.60853100e-07,
       -3.73988303e-06,  2.45469921e-06,  4.70275633e-07, -1.16955562e-06,
        1.35964272e-06, -1.01896555e-07]), 9.569174001189396e-06, 648193)
(array([-1.50944935e-07,  7.06132760e-07,  5.63528041e-07, -2.29906908e-07,
       -4.36300929e-06, -1.50709293e-06,  1.24834788e-06, -3.22544318e-06,
        2.06324293e-06,  1.61159266e-06]), 8.101089147505292e-06, 641025)
(array([-1.85237548e-07,  2.75577939e-06, -1.91645323e-06, -2.82065572e-06,
        3.29669605e-06, -2.91516684e-07,  1.39744975e-06,  2.32023935e-06,
       -9.78246223e-07,  1.43467965e-06]), 8.056255670130241e-06, 650241)
(array([ 1.89032329e-06,  7.36872193e-07,  9.73948837e-07,  1.51458850e-06,
        1.42216151e-06, -2.06679307e-06, -2.03822166e-06, -2.26328030e-06,
        4.45420849e-06, -9.58724423e-07]), 8.360992968636793e-06, 649217)
(array([ 4.91326661e-06,  1.76759606e-06,  3.62127100e-07, -7.33859533e-07,
        8.59869993e-07,  8.20329341e-07, -3.13815765e-06, -4.55178420e-06,
        1.01436950e-06,  1.23894365e-06]), 9.998515505760253e-06, 645121)
(array([ 6.89383270e-08, -3.47091080e-06,  1.46763046e-06,  6.04639409e-07,
       -2.40138124e-06,  1.28289622e-06, -8.89784726e-07,  1.20253419e-06,
        3.95698783e-06, -2.34760393e-06]), 8.52228459935489e-06, 651265)
(array([ 8.70493690e-07,  1.35266301e-06,  1.76114073e-06,  5.22674361e-06,
       -2.31351671e-06,  1.86261825e-06,  6.35519088e-07,  2.01750484e-06,
       -2.54440711e-06, -1.26187789e-06]), 9.327255359625752e-06, 641025)
(array([ 6.35649327e-07,  9.95587662e-07,  2.92110297e-06, -7.94387225e-07,
       -1.06811051e-06, -4.93853409e-06,  3.36197032e-06,  1.59058319e-06,
        1.56700259e-07, -8.70991273e-07]), 9.007387014481338e-06, 655361)
(array([ 4.85217984e-07, -3.00796813e-08, -1.03947993e-06,  4.02179252e-06,
       -4.03900812e-06,  3.37401688e-07,  3.64217686e-06,  5.20509061e-07,
        2.74575962e-06, -1.76298489e-06]), 9.642117980934728e-06, 647169)
---------------------------------------------------------
CEM
[ 0.95807634 -0.00542781  1.92057698  0.96339336  0.00276552 -0.01568426
  0.00848335  0.00895095 -0.00253679  0.00694732] 2.8271904144459943 1000448
[-6.02015011e-03  8.60196376e-01  5.12673102e-03  3.17696356e-03
 -3.89616279e-03 -9.21915601e-03 -7.06265434e-03  7.22430697e-03
 -1.48702551e-04  5.28972752e-03] 1.163125497982492 1000448
[-0.00251574 -0.00412929 -0.01082023  0.00472505  0.00437956  0.00230264
  0.0011817   0.00218102 -0.00605749 -0.00469353] 0.06025612389421697 1000448
[ 6.32431320e-03  7.90181173e-04 -9.11223236e-01 -9.95038688e-03
 -3.11506383e-04 -9.16283305e-04 -9.17467143e-01  8.82248444e-04
 -5.41192129e-03  7.03941672e-03] 1.6539242424155032 1000448
[-0.95140725 -0.00555514  0.00358133 -0.95852814 -0.94416361  0.94333243
  0.00416185  0.0086911  -0.0053739  -0.94429606] 2.5860907824392148 1000448
[ 2.25713208e-03  1.70619922e-03  1.69882566e-03 -9.23505015e-01
  4.64760705e-04 -9.38889222e-01 -3.19032576e-04  2.83537948e-03
 -9.39617682e-01  9.43571613e-01] 2.3265222967242427 1000448
[ 0.00618841  0.00751573 -0.00956843  0.00561282  0.92655828  0.0114014
  0.94092232  0.00416572 -0.92125322  0.01176592] 2.025833449701491 1000448
[-0.00288933 -0.94316161 -0.00241546  0.00897689 -0.94227373  0.00188015
  0.93385356 -0.00485585 -0.00176222  0.94475655] 2.3307353246157345 1000448
[ 9.51319451e-01  9.70764553e-04  7.49744291e-03 -6.13898916e-03
 -2.50175502e-04 -9.46506686e-01 -1.03774796e-02 -9.43319380e-01
 -2.53270829e-03 -9.46218893e-01] 2.328116431406603 1000448
[-9.52634814e-04  9.64932408e-01  6.70165281e-03  4.42595733e-04
 -5.27231877e-03 -1.04180062e-03 -9.45692149e-01 -9.49627601e-01
 -9.50196268e-01 -9.47307443e-01] 2.5937417507696243 1000448
Giá trị trung bình (mean) của ACKLEY trong DE: 8.949285055326328e-06
Độ lệch chuẩn (std) của ACKLEY trong DE: 6.448627182987463e-07
Giá trị trung bình (mean) của ACKLEY trong CEM: 1.9895536314395117
Độ lệch chuẩn (std) của ACKLEY trong CEM: 0.7928586557105475
===========================================================