popsize = 32
DE:
(array([2.36360131, 1.81985965, 2.7085031 , 1.18684936, 1.19344853,
       0.95924853, 0.71878284, 3.07475816, 0.51636655, 1.57254119]), -2.7539173195652706, 33)
(array([2.08305548, 1.43224545, 1.38383705, 1.46594109, 0.52750111,
       1.08628997, 0.37185454, 2.64364949, 1.64520145, 1.98393784]), -2.5319843044081076, 33)
(array([3.04891738, 1.4193095 , 1.16666538, 0.29934889, 3.11567638,
       1.32757522, 0.75565333, 2.0648706 , 1.95870165, 2.53967925]), -3.293345807547813, 33)
(array([1.87784882, 0.79203092, 1.56141777, 1.0467238 , 0.97192979,
       0.15315352, 1.51056895, 2.37877471, 0.39113957, 2.1001932 ]), -2.898263699143487, 33)
(array([3.14      , 1.86759828, 2.30982726, 1.16997866, 2.50184602,
       1.57701474, 1.43392034, 3.03703255, 0.08809181, 3.10696738]), -2.777655288376448, 33)
(array([2.64268768, 1.59417828, 0.05730442, 1.37752465, 1.73992528,
       1.00366232, 2.48816242, 0.03469673, 1.4352505 , 1.23742655]), -3.0104230095743927, 33)
(array([0.        , 3.14      , 1.3685206 , 0.02437592, 2.20677303,
       2.04183531, 1.45669282, 2.31992839, 0.5174421 , 2.20875488]), -3.220757081434849, 33)
(array([1.84110166, 0.12190709, 1.88625048, 1.14340997, 1.70263507,
       0.22433163, 2.27886011, 2.37333805, 1.95269942, 1.26943334]), -3.324952536779454, 33)
(array([1.57893722, 2.40885004, 2.23973907, 3.07341381, 2.02286777,
       3.12671479, 1.86312297, 1.61359566, 1.67949919, 1.85540636]), -3.107203375563911, 33)
(array([1.11067922, 1.426227  , 2.25246188, 1.89600166, 2.53225936,
       0.9757293 , 1.43651508, 2.08668051, 2.38067251, 2.06612424]), -4.048513283793469, 33)
---------------------------------------------------------
CEM
[2.2028973  1.57092994 1.28496481 1.11386416 1.72042894 1.57067268
 1.45436047 0.78855136 1.65568101 1.21723184] -9.281660973167789 1000032
[2.20318906 1.57079268 2.2193659  1.92309567 0.99689391 1.57077524
 1.45442149 1.75607729 1.95900579 0.7055512 ] -8.92368048605857 1000032
[2.20313388 1.57091118 1.28487668 1.1137373  0.99659884 1.5707503
 1.45431856 2.35586374 2.2211712  1.21708055] -8.930061226953228 1000032
[2.20201497 1.57072913 1.28508033 1.11342851 1.72037648 1.57085778
 1.87725617 1.75607941 1.28276126 1.2170177 ] -9.478845295295491 1000032
[2.20324318 1.57099532 1.2850609  1.11393041 2.22055917 1.57090141
 2.22103785 2.07768183 1.65570399 1.57080233] -9.11931083747833 1000032
[2.20257218 1.57111786 2.21920276 1.92286812 0.99687338 0.91035913
 1.45427698 1.36063105 1.2827082  0.70549088] -8.740586234038165 1000032
[2.20201926 1.57101852 1.28501739 1.11345218 0.99673236 0.91027853
 1.87729774 2.07770914 2.45565661 1.21690768] -8.68331701900081 1000032
[2.20305279 1.57084486 1.28506113 1.11396692 1.72038035 2.39880436
 0.84293583 1.7560236  0.74335673 0.70522763] -8.37326559702794 1000032
[2.20332002 1.57106028 1.28492489 1.11440519 2.22073506 0.91016225
 1.45442888 2.07768814 1.95895221 2.10722484] -8.893911971145801 1000032
[2.20268982 1.57056985 1.28478598 1.11369958 0.99681073 2.3987362
 1.45428372 2.35583346 1.95909499 1.85847416] -8.756876062800863 1000032
Giá trị trung bình (mean) của MICHALEWICZ trong DE: -3.0967015706187206
Độ lệch chuẩn (std) của MICHALEWICZ trong DE: 0.3996538248470945
Giá trị trung bình (mean) của MICHALEWICZ trong CEM: -8.9181515702967
Độ lệch chuẩn (std) của MICHALEWICZ trong CEM: 0.2995544667178195
===========================================================
popsize = 64
DE:
(array([1.51587187, 1.73518943, 1.24832121, 1.47595662, 2.25071602,
       2.71436778, 0.86325312, 1.74648308, 0.9853156 , 1.10082613]), -3.6902763224947233, 65)
(array([3.14      , 2.96964787, 3.14      , 1.01076079, 1.56238393,
       1.63432177, 1.8736099 , 0.7959008 , 2.46125133, 1.12693798]), -2.8645031151348475, 65)
(array([1.19443528, 3.06216527, 1.46025302, 0.59034256, 1.68849465,
       1.98567507, 2.22972248, 1.73649742, 1.23616095, 1.87459885]), -3.5781829352545387, 65)
(array([1.51356682, 1.60293078, 2.28039033, 0.        , 2.93797185,
       0.939918  , 2.59279661, 0.72046235, 1.96285809, 2.71529983]), -3.7386069028213043, 65)
(array([0.23804139, 1.9590529 , 2.16460438, 2.20556839, 2.25231314,
       0.88056736, 1.44764626, 2.36190293, 1.03024748, 2.94134122]), -3.301319278826087, 65)
(array([2.25174236, 1.57942424, 1.0846921 , 1.87395304, 0.53633095,
       0.86664437, 2.29326146, 1.42802936, 3.05328732, 2.90810501]), -3.358509955774473, 65)
(array([0.97201458, 1.6286692 , 2.17267097, 1.28884146, 1.20922781,
       2.82307627, 1.59886837, 2.09032065, 0.18293692, 1.83637415]), -2.6674143505264007, 65)
(array([3.14      , 2.10606856, 1.25000936, 2.32005827, 2.82455771,
       1.58737818, 2.17481662, 2.84447446, 1.29588437, 0.8567439 ]), -2.9743702108859984, 65)
(array([0.        , 0.06821264, 1.2917845 , 1.89416159, 2.74187619,
       0.84884425, 1.40751433, 2.35882916, 0.        , 3.14      ]), -3.3368882538309825, 65)
(array([0.11254703, 2.34939981, 0.61095008, 1.09712813, 1.85537289,
       1.55948509, 2.2071096 , 0.82744378, 0.73953303, 1.15760784]), -3.826929745101333, 65)
---------------------------------------------------------
CEM
[2.20282703 1.57070575 1.28509468 1.11363564 0.99633024 1.57089102
 1.45435718 1.36055356 1.6557975  1.85849203] -9.422319599784522 1000064
[2.20282578 1.5707021  1.28504507 1.92313998 0.99678142 2.02754557
 1.45435992 0.78837849 1.65577448 1.21715171] -9.070901521816449 1000064
[2.20252461 1.57079849 1.28497115 1.92293863 1.72039518 1.57082911
 1.45443697 1.75612752 0.74353501 1.57079868] -9.339475749119002 1000064
[1.03702087 1.5708633  1.28503363 1.92303272 0.99660364 0.91017906
 1.4544167  1.36056669 2.22121354 1.2170008 ] -8.22988692120169 1000064
[2.20314519 1.5708402  1.28468795 1.11382557 0.99669031 1.57077556
 1.45439632 1.3605351  1.95898508 1.21700935] -9.330635015024964 1000064
[2.20261727 1.57056518 2.21945322 1.11376894 0.99670486 0.91008916
 1.87715921 1.75610585 1.28276126 1.21708901] -8.954730416292282 1000064
[2.20307757 1.57058943 1.28504427 1.11376284 1.72044271 0.91024288
 1.87720266 0.78845049 1.28286623 1.57079081] -9.054786450151893 1000064
[2.20276719 1.570884   1.28518268 1.11364861 2.22061651 1.57080691
 0.84282105 1.75608134 0.74340792 1.21706697] -8.795082234367607 1000064
[2.20324262 1.5708622  1.28490079 1.11363412 1.72055274 1.57078349
 0.84284378 1.756145   1.65567589 1.21708369] -9.308612891638086 1000064
[2.2026419  1.571018   1.2850741  1.92301363 1.72043693 2.0274804
 1.87721068 1.36057554 2.22121118 1.2170767 ] -9.250154494075192 1000064
Giá trị trung bình (mean) của MICHALEWICZ trong DE: -3.3337001070650687
Độ lệch chuẩn (std) của MICHALEWICZ trong DE: 0.37269533825600565
Giá trị trung bình (mean) của MICHALEWICZ trong CEM: -9.07565852934717
Độ lệch chuẩn (std) của MICHALEWICZ trong CEM: 0.33891555878379
===========================================================
popsize = 128
DE:
(array([1.73119742, 0.        , 1.29351705, 3.14      , 2.04861924,
       1.22933185, 0.89775876, 1.36563572, 0.        , 1.56696647]), -3.39220430793153, 129)
(array([3.08951045, 1.49583822, 1.28358385, 0.        , 2.46017197,
       1.5713439 , 0.28609122, 2.07881145, 3.14      , 2.43708354]), -3.636224146044921, 129)
(array([2.24147303, 1.66405044, 2.71490244, 0.42413978, 1.55293933,
       0.        , 0.        , 1.74972861, 1.4314278 , 1.23745295]), -3.1424217604488276, 129)
(array([2.93600066, 2.28453528, 2.96783563, 2.5681435 , 2.21009757,
       0.90732143, 1.84207211, 2.3476017 , 2.54875702, 2.11312358]), -3.4230782213799302, 129)
(array([1.1049882 , 2.58266088, 2.95026232, 1.22840796, 2.19427163,
       1.62029856, 2.40130566, 0.98091483, 1.27771663, 1.23482535]), -3.0232112015764434, 129)
(array([1.65401329, 1.76820976, 1.24972499, 1.27014898, 1.94345938,
       1.5902619 , 0.        , 0.        , 1.65868031, 2.23861951]), -2.998177727815521, 129)
(array([3.14      , 1.6824833 , 1.23619491, 1.9069096 , 0.        ,
       0.22755879, 0.73419076, 0.        , 1.95815061, 0.96176531]), -3.3850654371643003, 129)
(array([2.63679015, 1.55702684, 0.79231005, 0.40915625, 3.02246988,
       0.8952246 , 1.33991015, 1.77766186, 0.098732  , 2.11285876]), -3.2771572573674796, 129)
(array([0.89141471, 2.70878209, 2.21425028, 2.57568536, 0.95883832,
       0.72334972, 1.92368359, 1.44359262, 1.29569124, 1.34554971]), -3.0607260464815833, 129)
(array([2.09549073, 2.61141012, 2.21570723, 1.93650989, 0.10866408,
       1.44341228, 1.83627396, 2.36919714, 0.12072465, 2.69735419]), -3.381408786840386, 129)
---------------------------------------------------------
CEM
[2.20272821 1.5709629  1.28513806 1.11375675 0.99663904 1.57080244
 1.87723171 1.36057711 1.28284477 1.57082657] -9.385981583206313 1000064
[2.20268051 1.57094704 1.28501589 1.11370537 0.99681661 1.57080927
 1.45435541 2.07772024 1.95897521 1.21707636] -9.226881403034355 1000064
[2.20293325 1.5706884  2.21932848 1.11388631 0.99675573 1.57073949
 1.45444886 0.78839843 1.95893386 1.57079269] -8.960110762200737 1000064
[2.20289914 1.57075263 1.28487401 1.11372074 1.72059143 0.91023698
 1.45446911 1.75605593 1.95896106 1.21702338] -9.274150651755253 1000064
[2.2033157  1.57074474 1.28503306 1.11376281 0.99666945 1.57072621
 1.45444671 1.36060694 1.28278647 1.57083671] -9.425826540768776 1000064
[2.20314642 1.57044875 1.28488028 1.92298656 0.99665385 2.3988077
 1.45438361 1.75605407 1.28278257 1.57075034] -9.14862055624224 1000064
[2.20279026 1.57090628 1.28505092 1.92303146 0.99651775 2.02746172
 1.87719194 1.36057063 1.65569915 1.21707945] -9.300819232293602 1000064
[2.20284566 1.57076004 1.28499184 1.11375453 0.99666811 1.5707829
 1.45441001 1.36047517 1.28284346 1.85849483] -9.384717312707304 1000064
[2.20292192 1.57072158 1.28507243 1.11380662 1.72052246 1.5708134
 0.84277766 0.78844672 1.65573669 1.57079386] -9.095931398229567 1000064
[2.20313778 1.57065702 1.28490917 1.11374965 1.72043983 0.9101469
 1.45436445 1.75604217 1.2828057  1.57079627] -9.369349658255317 1000064
Giá trị trung bình (mean) của MICHALEWICZ trong DE: -3.271967489305092
Độ lệch chuẩn (std) của MICHALEWICZ trong DE: 0.19824613544826172
Giá trị trung bình (mean) của MICHALEWICZ trong CEM: -9.257238909869347
Độ lệch chuẩn (std) của MICHALEWICZ trong CEM: 0.14248721144528176
===========================================================
popsize = 256
DE:
(array([2.12272122, 3.14      , 3.14      , 1.14805937, 1.25678738,
       0.92386605, 1.74006855, 1.82778457, 1.64159777, 2.10422972]), -3.9774674513298076, 257)
(array([3.14      , 1.67593721, 2.26688312, 1.07495029, 1.04681409,
       0.62069181, 1.88766813, 0.28241374, 1.54193874, 1.14605816]), -3.5083733446823966, 257)
(array([0.90051095, 1.64415722, 2.71883263, 0.78658132, 1.01039516,
       0.44986005, 1.27161832, 1.3546055 , 2.10753093, 1.58536116]), -3.387058645028829, 257)
(array([1.96900634, 1.35017304, 0.32988863, 1.14132687, 1.0057913 ,
       0.31861843, 0.38064524, 0.81637807, 1.81998044, 1.57855313]), -3.698193386139733, 257)
(array([2.80533436, 0.34948569, 0.55060374, 1.1277851 , 1.73189143,
       2.98516681, 2.58490829, 1.76024857, 1.65979873, 0.80775573]), -3.9131393500219724, 257)
(array([2.19291572, 2.72301624, 2.5962457 , 2.48083999, 1.01921386,
       1.5860475 , 0.61183721, 2.27133562, 1.18257356, 2.86520386]), -3.5458043542276956, 257)
(array([2.1779872 , 1.66147458, 1.91954113, 0.53316081, 1.69332405,
       2.08219454, 0.83429619, 3.05738787, 1.66550155, 1.41039321]), -4.119416168745949, 257)
(array([2.16801217, 2.86185876, 1.28071814, 1.95050358, 2.92905532,
       0.98673551, 2.51384384, 1.69943744, 0.07203916, 3.02397645]), -3.5598146405298605, 257)
(array([0.40096002, 1.51160767, 2.24067149, 2.86127825, 2.95161936,
       2.72566419, 1.45493096, 1.30505648, 2.42998477, 0.64791586]), -3.834104462995763, 257)
(array([0.27013864, 0.74180788, 1.31232507, 1.89932557, 0.9695183 ,
       2.42884879, 1.7623506 , 0.34884096, 2.2085486 , 2.05658203]), -3.446747487270602, 257)
---------------------------------------------------------
CEM
[2.20276225 1.5709074  1.2850279  1.11380545 0.99670061 1.570827
 1.454482   1.36054044 1.65572574 1.85849192] -9.42233644755939 1000192
[2.20298402 1.57069859 1.28493725 1.11365564 1.72051248 1.57072087
 1.45446796 1.75611352 1.2828253  1.57077914] -9.580763769357269 1000192
[2.20281884 1.57084986 1.28501005 1.11377243 0.99669335 0.91012892
 1.45442418 1.75606428 1.65572261 1.57082091] -9.25696105066313 1000192
[2.20291909 1.57071902 1.28491579 1.11370267 1.7205355  1.57079709
 1.87725591 2.07769839 1.28282147 1.57079604] -9.432209169404938 1000192
[2.20270096 1.57076625 1.28506945 1.92308327 1.72046097 1.57076886
 2.22109363 1.75608454 1.65575324 1.8584425 ] -9.421603330089416 1000192
[2.2029889  1.57088531 1.28496274 1.11382066 1.72041429 1.57081667
 0.84281168 1.75610135 1.2828296  1.21701167] -9.271006299666576 1000192
[2.20297698 1.57062197 1.28499445 1.11382426 0.99654208 1.5708425
 1.45444321 1.75612447 1.6557001  1.57079155] -9.468360973429226 1000192
[2.20284245 1.57074843 1.28507667 1.11383067 1.72051378 1.57081132
 1.45442338 0.78847057 1.28280861 1.57078008] -9.306087110855518 1000192
[2.20295696 1.57093577 1.28499976 1.92309832 0.99660763 1.57079861
 1.87724169 1.36059385 1.95898907 1.85848355] -9.353437306536886 1000192
[2.20288397 1.57068997 2.21930164 1.92309187 1.72053635 0.91009925
 1.87717945 1.36061146 1.2828031  1.21709147] -9.141625553950977 1000192
Giá trị trung bình (mean) của MICHALEWICZ trong DE: -3.699011929097261
Độ lệch chuẩn (std) của MICHALEWICZ trong DE: 0.23633072880114006
Giá trị trung bình (mean) của MICHALEWICZ trong CEM: -9.365439101151333
Độ lệch chuẩn (std) của MICHALEWICZ trong CEM: 0.11926937677236804
===========================================================
popsize = 512
DE:
(array([0.        , 2.72909842, 2.29002709, 0.04854023, 1.6800538 ,
       2.33950849, 1.86379076, 1.36513454, 2.57022289, 2.33869696]), -3.7640656992626917, 513)
(array([1.85811762, 2.87004746, 1.24582498, 2.2643867 , 1.69140789,
       0.80532344, 1.42398936, 1.77405747, 2.82212087, 1.17670967]), -3.781059674059181, 513)
(array([1.05823903, 1.62000226, 2.00161809, 2.92918598, 1.69786263,
       2.00459751, 1.4614412 , 2.37767428, 3.14      , 2.51737684]), -4.247273916901257, 513)
(array([2.0422576 , 1.68601575, 2.25139962, 1.6294676 , 1.95853181,
       1.57560419, 2.81163753, 1.7639578 , 2.67620708, 3.01134414]), -4.145624110917284, 513)
(array([2.25246448, 1.67730059, 0.        , 1.06897281, 1.50850985,
       1.56559602, 2.27654833, 2.29819807, 1.27905639, 3.14      ]), -4.114181273239978, 513)
(array([2.23371382, 1.60564917, 0.44985075, 2.46667483, 1.59019076,
       2.04805624, 0.9521894 , 3.01639717, 1.63783942, 0.11352877]), -3.867957215297188, 513)
(array([1.12312869, 1.65638338, 0.07518441, 2.50662656, 0.98805298,
       2.36605576, 1.89379742, 0.97129353, 1.66635567, 0.50713645]), -4.001116728834378, 513)
(array([0.        , 0.87795763, 3.14      , 1.06663637, 3.14      ,
       1.60225789, 1.43782546, 3.14      , 1.68295872, 1.85103976]), -3.72151675109949, 513)
(array([2.90057547, 2.14356319, 1.08639704, 1.88305408, 1.00741469,
       0.96507925, 1.86201233, 2.37419043, 0.76087666, 0.97822483]), -4.000328690183538, 513)
(array([2.13990105, 1.57460315, 1.06641531, 1.88686366, 2.83117128,
       2.03658947, 0.66575259, 1.34469173, 0.73384044, 3.06181626]), -4.985532375701779, 513)
---------------------------------------------------------
CEM
[2.20299695 1.57074369 1.28501936 1.11377408 1.7204455  1.57081288
 1.45442415 1.36056741 1.65570801 1.57078788] -9.613462522049632 1000448
[2.20291382 1.57078638 1.28505987 1.1136713  0.99664421 1.57080007
 1.45441892 1.36053096 1.28281842 1.57079981] -9.425851466647195 1000448
[2.20295174 1.5707749  1.28499798 1.11378323 1.72049478 1.57077307
 1.4544394  1.75610047 1.655726   1.21702465] -9.556395854794864 1000448
[2.20280926 1.57079732 1.2849811  1.11377099 0.99673048 1.5708194
 1.45442494 1.360554   1.28284964 2.10728261] -9.285325236667584 1000448
[2.20293264 1.57089855 1.28511317 1.9231072  2.22066672 2.02747552
 1.45444126 1.75608386 1.28282224 1.57076929] -9.327073061498812 1000448
[2.20292482 1.570821   1.28493379 1.11383979 0.99668399 1.57076138
 1.45441853 1.75612619 1.28280971 1.21706426] -9.36878999175255 1000448
[2.20302766 1.57075296 1.28499471 1.92303759 1.72046416 1.57081255
 1.45441818 1.36058362 1.65570587 1.57079037] -9.655233963539434 1000448
[2.20291993 1.57079947 1.28500851 1.11371791 0.99673497 1.57082461
 1.45445762 1.36055181 1.95896995 1.57079971] -9.392642224422033 1000448
[2.20292935 1.57072422 1.28494604 1.11372436 1.72052682 1.57080846
 1.8772425  1.36059242 1.6557338  1.57078604] -9.573619393553113 1000448
[2.20289064 1.57080241 1.28498861 1.11379239 0.99670402 0.91011698
 1.45443401 1.36057583 2.22120173 1.57080829] -9.051432723064288 1000448
Giá trị trung bình (mean) của MICHALEWICZ trong DE: -4.062865643549676
Độ lệch chuẩn (std) của MICHALEWICZ trong DE: 0.35010437580874965
Giá trị trung bình (mean) của MICHALEWICZ trong CEM: -9.42498264379895
Độ lệch chuẩn (std) của MICHALEWICZ trong CEM: 0.17341768734062435
===========================================================
popsize = 1024
DE:
(array([2.16141868, 0.53644912, 2.24478987, 3.04119898, 1.00135341,
       0.94618124, 0.8943134 , 0.81603683, 0.14466536, 2.51212824]), -4.298047351092035, 1025)
(array([3.05641451, 2.02309657, 1.2928583 , 2.37838514, 1.00051845,
       1.60359276, 2.25014482, 2.70952931, 2.19573871, 1.21533111]), -4.02344790942074, 1025)
(array([0.06203223, 1.89630776, 2.57686257, 1.11375007, 1.70934521,
       0.93293652, 2.21721932, 1.33019883, 1.1547771 , 0.96653438]), -4.008059255124085, 1025)
(array([2.21818813, 1.5495797 , 0.91366381, 1.08328485, 2.66529613,
       2.04817659, 0.31200262, 2.79033177, 0.64905541, 0.74029737]), -4.1393285141047045, 1025)
(array([2.96738455, 1.4975318 , 1.28938422, 1.16444957, 3.13410665,
       1.89131598, 2.19861145, 2.35900639, 1.60594877, 1.19289522]), -4.442844186956297, 1025)
(array([2.04153   , 1.57662251, 1.72512951, 1.93635791, 1.23196642,
       2.0556161 , 2.64701075, 0.38680505, 1.29018025, 2.9631157 ]), -3.869369476444083, 1025)
(array([2.48275917, 1.60777959, 2.80251235, 1.89727317, 1.69344302,
       1.16350866, 0.79160285, 1.38311068, 1.67166593, 2.60223803]), -4.837734712702662, 1025)
(array([2.17906548, 0.30300403, 2.26095159, 0.33891275, 1.04174331,
       2.58852313, 1.87645906, 2.82935625, 1.86107308, 0.58711345]), -3.3562203775395014, 1025)
(array([2.10334379, 2.53977025, 1.19552904, 1.12517613, 2.20911184,
       2.86596195, 2.51541933, 2.3435348 , 2.73613836, 1.57649357]), -5.024473639530602, 1025)
(array([1.5316641 , 1.58417843, 2.25028687, 2.8336961 , 0.39984989,
       1.52430312, 2.09812548, 1.75877905, 1.29090956, 1.39600292]), -4.028905574101397, 1025)
---------------------------------------------------------
CEM
[2.20307095 1.57086196 1.28495925 1.11380786 1.72044639 1.57075345
 1.45441951 1.75606758 1.28283692 1.21705709] -9.51879316889239 1000448
[2.20295255 1.57075289 1.28506999 1.92306503 1.72048255 0.91015515
 1.45443042 1.36059504 1.65569085 1.57080244] -9.443827154922063 1000448
[2.20300688 1.57085189 1.28496582 1.11372224 1.72048134 1.57078669
 1.45443728 1.36058249 1.65572487 1.5707914 ] -9.613468016453556 1000448
[2.20291425 1.57072983 1.28498371 1.11376584 0.99665196 1.57077623
 1.45441562 1.36061127 1.65570631 1.57077214] -9.463466015945407 1000448
[2.20280565 1.57077756 1.28500631 1.11373186 1.72046242 1.57075881
 1.45440475 1.36054956 1.65572315 1.57079717] -9.613467284377638 1000448
[2.20290573 1.57076835 2.21928821 1.11382327 0.99668665 1.57081199
 1.87723763 1.75610931 1.65571227 1.21702779] -9.203794962078156 1000448
[2.20279722 1.57092666 1.28506542 1.11361737 1.72049367 1.57084821
 1.45439683 1.36056498 1.28284037 1.57080365] -9.57585505257082 1000448
[2.20284033 1.57076806 1.28497112 1.11380144 1.72045912 1.5707859
 1.45442074 1.36053966 1.65570357 1.85848494] -9.572354369090096 1000448
[2.20305295 1.57074052 1.28499968 1.92305884 1.72049514 1.57078509
 1.87723179 1.75606907 1.655726   1.21702328] -9.558317010779675 1000448
[2.20293466 1.57074903 1.28497502 1.11386648 2.22066195 1.57076986
 1.87726465 1.36055585 1.28280661 1.570813  ] -9.343135092151304 1000448
Giá trị trung bình (mean) của MICHALEWICZ trong DE: -4.20284309970161
Độ lệch chuẩn (std) của MICHALEWICZ trong DE: 0.4557647323449311
Giá trị trung bình (mean) của MICHALEWICZ trong CEM: -9.49064781272611
Độ lệch chuẩn (std) của MICHALEWICZ trong CEM: 0.12508098428771477
===========================================================