popsize = 32
DE:
(array([ 0.00123199, -0.00104837,  0.00185379, -0.00046236, -0.00062785,
       -0.00112121,  0.00040448,  0.00077389, -0.00043776, -0.00036943]), 9.009100299295734e-06, 10273)
(array([ 1.69234003e-03,  4.22302061e-04, -1.91539847e-05, -5.11635744e-04,
       -1.29271352e-03,  6.52634664e-04, -4.93843220e-04, -3.85397889e-04,
        1.01305558e-03,  1.25459249e-03]), 8.39422864859024e-06, 10689)
(array([ 7.05399031e-04,  1.69296959e-03, -7.73040634e-05, -1.05848213e-03,
       -4.49832168e-04,  9.49238147e-04,  3.81334253e-04,  1.32867386e-03,
        1.04778345e-03, -1.22153392e-04]), 8.617057852340798e-06, 10561)
(array([-0.00047917,  0.00084703,  0.00031132,  0.00037362,  0.00011267,
        0.00124266,  0.00113911,  0.00238964,  0.00028863,  0.00030803]), 9.92662166938896e-06, 10241)
(array([-0.00097971,  0.00063651,  0.00030197,  0.00091126,  0.00058852,
        0.00075086,  0.00030775,  0.00111817, -0.00091243,  0.00030764]), 5.468890563102447e-06, 10689)
(array([ 1.26019348e-03,  1.11218906e-03,  2.40838314e-04,  1.22619940e-04,
        9.45966191e-05, -8.65935419e-04, -8.29965106e-04,  4.64032414e-04,
        2.07836468e-03, -1.85632567e-04]), 8.915110885729926e-06, 9921)
(array([ 0.00167021,  0.00026328, -0.00153381, -0.00056618,  0.00020395,
       -0.00153082,  0.00071479,  0.00041182,  0.00049479,  0.00029055]), 8.926790084995804e-06, 10817)
(array([-1.42405323e-03,  1.49775513e-03,  3.03859335e-05,  1.15650336e-04,
       -3.39591336e-06,  1.60664046e-03, -2.33293073e-04, -7.32822332e-04,
       -1.18934508e-04,  1.46524800e-03]), 9.61935282014127e-06, 11777)
(array([-4.53660853e-04,  1.91791714e-04, -2.38615734e-05, -6.54181020e-04,
       -1.92835757e-03, -9.06342759e-04, -4.26787079e-04, -5.03991289e-04,
        8.99454566e-05,  1.56207864e-03]), 8.095468809089656e-06, 10369)
(array([-0.00159557,  0.00045327,  0.00059242, -0.00018191, -0.0006749 ,
        0.00029706, -0.00116928, -0.00207821,  0.00018183, -0.00039786]), 9.556604462488346e-06, 11201)
---------------------------------------------------------
CEM
[-0.04210108 -0.15289609 -0.0534449  -0.07832922 -0.07591142 -0.01022107
 -0.04172122  0.03973329  0.06956196 -0.10138246] 0.0470712037407914 1000032
[ 0.06899289  0.06720129 -0.03931045  0.0905736  -0.03526077 -0.00938851
 -0.02027475  0.06161965  0.00920942  0.15985048] 0.04297023983263029 1000032
[-0.0302533   0.045594   -0.01513139  0.01116903 -0.04576838  0.07428938
 -0.03792961  0.01149912 -0.00182295 -0.0433496 ] 0.017798240917610775 1000032
[-0.06469472  0.05609131 -0.04452933  0.04735006 -0.03626655  0.06308813
 -0.03030443 -0.0520707  -0.03945922  0.04195023] 0.032576576831543864 1000032
[ 0.05411363  0.02181792 -0.01917226 -0.11234296 -0.05062304 -0.02309323
 -0.0164635   0.01544752  0.03698891 -0.05959442] 0.023396874718452827 1000032
[ 0.02661967  0.01728049  0.00552992  0.03825762  0.00799261  0.01708931
 -0.03906507 -0.07492092  0.07976741 -0.00787637] 0.0167650390127297 1000032
[ 0.08510213  0.01707324 -0.03745405  0.03551646 -0.00585496  0.00390076
 -0.00268568 -0.0760825   0.03399262 -0.10782343] 0.02958917401067254 1000032
[ 0.08488666  0.12215607  0.10638698  0.00506502 -0.0987376   0.000968
  0.01343507  0.00172693  0.01514649  0.11886814] 0.040863049307139826 1000032
[ 0.03266347 -0.01902796  0.03572414  0.00813652 -0.01107151 -0.02266499
  0.07872104 -0.08734809 -0.00617589 -0.00552226] 0.02000739466413014 1000032
[-0.02447738 -0.00593102  0.01623952  0.0275491   0.02085903 -0.03435376
  0.00294436  0.04102471 -0.01926014  0.00506305] 0.014043732089207403 1000032
Giá trị trung bình (mean) của Sphere trong DE: 8.652922609516318e-06
Độ lệch chuẩn (std) của Sphere trong DE: 1.1899819254910341e-06
Giá trị trung bình (mean) của Sphere trong CEM: 0.02850815251249088
Độ lệch chuẩn (std) của Sphere trong CEM: 0.01133275528364519
===========================================================
popsize = 64
DE:
(array([-1.13924522e-04,  1.68138039e-04, -2.07493447e-04, -1.28920795e-03,
       -9.75775999e-05,  8.90785611e-04,  1.19550925e-04, -7.25201565e-04,
       -1.43832245e-03,  8.83359416e-04]), 5.938685335537445e-06, 22209)
(array([-0.00041731, -0.00014584, -0.00100019,  0.00032182, -0.00027355,
        0.00065057, -0.00118201,  0.00148852,  0.00036673,  0.00087628]), 6.312632387359845e-06, 22849)
(array([ 6.64917675e-04,  4.14369723e-04, -1.51684030e-03, -7.28996939e-05,
        1.05111489e-03, -1.24359486e-03,  3.02235827e-04, -4.30385537e-05,
        1.33502914e-04, -7.08871948e-04]), 6.184828605553321e-06, 21889)
(array([-7.95557887e-05, -7.41139435e-04, -2.60795294e-04,  8.50371725e-04,
        2.22746728e-03, -1.36902816e-03,  3.90558959e-04,  1.58326958e-04,
        2.67583085e-04,  1.16566168e-03]), 9.79058319603027e-06, 21825)
(array([ 0.00052846, -0.00188256, -0.00085213,  0.00103268,  0.0010229 ,
        0.00165736,  0.000483  , -0.00040143, -0.00018167, -0.00039651]), 9.993677655713193e-06, 22593)
(array([ 1.34008466e-03,  5.63817337e-04,  1.03832385e-03,  6.49978985e-04,
       -1.16220337e-03,  1.51173530e-03,  1.06148938e-03, -4.49720744e-04,
       -8.27944476e-05, -4.49993299e-04]), 8.78872362407527e-06, 22337)
(array([-0.00027757, -0.00012673,  0.00137353,  0.00023491,  0.00123529,
        0.00050595,  0.00086688,  0.00029737, -0.00150892, -0.00011583]), 6.946971975159938e-06, 22401)
(array([-2.98613776e-04, -1.80609551e-05, -2.61133858e-05, -1.94447818e-03,
       -6.59378281e-04,  1.10815525e-03, -9.39148975e-04,  1.22665198e-03,
        2.36664112e-04,  8.57431816e-04]), 8.711836584330986e-06, 22593)
(array([ 0.00065041, -0.00073396, -0.00128652,  0.00125627, -0.00081545,
       -0.00065485,  0.00035763, -0.0010659 , -0.00047485,  0.00067251]), 7.230658946184199e-06, 22337)
(array([-0.00055296, -0.00164473,  0.00020206, -0.00148672, -0.00045724,
       -0.00022393,  0.00092707, -0.0014757 ,  0.00037283,  0.0005058 ]), 8.953242583590043e-06, 20865)
---------------------------------------------------------
CEM
[ 0.02510456 -0.00152748  0.00389698 -0.03085981 -0.01070231  0.00338524
  0.02216189  0.01072516  0.02327976 -0.03438976] 0.0035419795348300732 1000064
[-0.00163694  0.01565375  0.01617539 -0.0267136  -0.01189977  0.01353819
 -0.01144593 -0.00351026 -0.00487636 -0.01348296] 0.003935725292870301 1000064
[ 0.03077341 -0.01186796  0.01358607  0.00387898  0.0081545   0.0207035
 -0.03532068 -0.00455733  0.01083033 -0.03589235] 0.005098278448154729 1000064
[ 0.00078549  0.0103951  -0.00053311 -0.02440734 -0.01937728  0.00693975
 -0.01847078 -0.00916612  0.02374123  0.01800182] 0.006155702294406596 1000064
[ 0.01045268  0.02948314  0.02153771  0.01672933 -0.02834603  0.01730299
  0.00523676  0.01772122 -0.00307487 -0.01553353] 0.005982988537447145 1000064
[ 0.0007066   0.00245222 -0.02071613  0.00297608 -0.0198905   0.01121066
 -0.01533762 -0.0031113  -0.00742162 -0.00427816] 0.004479760397778741 1000064
[-0.02440104 -0.0198585  -0.0283609   0.02019818  0.01889586  0.00437671
 -0.02049772  0.02174257 -0.00944246  0.03529249] 0.006978475229018688 1000064
[-0.00076645 -0.00953139 -0.00784027 -0.00848182 -0.01658343 -0.00538387
 -0.01167525 -0.02148272 -0.01027755  0.0162559 ] 0.008369438090614483 1000064
[ 0.01227173 -0.02021793 -0.00531592  0.00520992 -0.00243924  0.00623164
  0.00304951  0.00039078 -0.01316532  0.00342601] 0.004113988628658797 1000064
[ 0.00836452  0.02899509  0.00890797 -0.0056354  -0.02503116  0.01873123
  0.02440776  0.0157222   0.02589981  0.00529254] 0.006077879417605712 1000064
Giá trị trung bình (mean) của Sphere trong DE: 7.88518408935345e-06
Độ lệch chuẩn (std) của Sphere trong DE: 1.4552803173297475e-06
Giá trị trung bình (mean) của Sphere trong CEM: 0.005473421587138527
Độ lệch chuẩn (std) của Sphere trong CEM: 0.0014426976107248244
===========================================================
popsize = 128
DE:
(array([ 1.35768924e-03, -1.38538462e-03,  1.31049263e-03,  9.81630636e-04,
        9.43023163e-04,  9.91716672e-04, -8.26179558e-04, -9.33347018e-07,
        4.80768308e-04, -4.50379504e-04]), 9.432948310081945e-06, 42881)
(array([-5.35383951e-04, -2.25122243e-04, -8.69230358e-05,  2.19024171e-04,
       -1.99143211e-03, -1.12220938e-03, -1.31436301e-03, -1.26691348e-03,
        3.57756203e-04, -6.27420457e-04]), 9.472264767889286e-06, 43265)
(array([ 2.08955338e-03, -7.35375884e-06, -5.20521869e-04,  1.07323510e-03,
        1.47654147e-03,  2.91141520e-04, -1.26533317e-04, -2.35117725e-04,
       -5.88229193e-04,  2.99996490e-04]), 8.561304604070038e-06, 44289)
(array([-0.00059991, -0.00029227,  0.00038861,  0.00145405, -0.00107513,
       -0.00027929, -0.00151838, -0.00021994, -0.00182498,  0.00021805]), 9.676454140263324e-06, 43905)
(array([-7.27847120e-04,  4.90372356e-05,  6.83347687e-04,  1.48311880e-04,
       -2.21016584e-04, -1.13161070e-04,  1.22134272e-04,  7.71338302e-04,
        1.28273640e-03,  1.66830654e-03]), 6.121319254338821e-06, 42241)
(array([-0.00089627, -0.00152354, -0.00016523,  0.00110837, -0.00156267,
       -0.00018238,  0.00099348,  0.00076232,  0.00078367, -0.00051332]), 9.30124639060353e-06, 42497)
(array([-8.70239990e-04, -8.03004561e-04, -7.02326138e-04, -3.43844752e-05,
        6.53039543e-04, -9.18825337e-05,  2.45925308e-03,  5.20080067e-04,
       -7.09163209e-05, -3.65137622e-04]), 8.788244877559505e-06, 43265)
(array([-1.70506197e-04, -1.17496433e-03,  5.67960930e-07, -4.51072595e-04,
        7.71176408e-04, -1.69204946e-03, -8.94522288e-04, -4.58584956e-04,
       -1.64560708e-04,  5.82660279e-04]), 6.4478682989650955e-06, 44033)
(array([ 2.05859348e-03,  1.08305207e-04, -4.26539433e-04, -4.58089191e-04,
        8.19362870e-04, -3.17015935e-04, -3.94341214e-04, -8.82876473e-04,
       -8.48801408e-05, -4.25436601e-05]), 6.357163816848814e-06, 42497)
(array([-0.00022404, -0.00066856,  0.00050937,  0.00221495, -0.00040707,
        0.00068732,  0.00127792, -0.00020165, -0.0003739 , -0.00016904]), 8.142868037612238e-06, 44161)
---------------------------------------------------------
CEM
[ 0.00167284 -0.00030073 -0.00291278  0.00381754 -0.0009778   0.00537589
  0.00186538  0.00033244  0.00523756  0.00011812] 0.002808169638559538 1000064
[-0.00119792  0.01146352  0.00513726 -0.00054281  0.00654916 -0.0114564
  0.00026197  0.0054256  -0.00421368 -0.01903909] 0.00497282084751667 1000064
[ 0.00092751  0.00071643  0.01506683 -0.00510036  0.0037129   0.00145641
 -0.00125989 -0.00651382 -0.01508489 -0.00885278] 0.0033692530958423818 1000064
[ 0.01248303  0.00123008 -0.01051657 -0.01041996 -0.00332573 -0.00591165
  0.00032871  0.00919218  0.00483229  0.00612883] 0.003423792768662863 1000064
[ 0.00376918 -0.01020131 -0.02301462 -0.00127505  0.00277392  0.00766283
  0.01155986  0.00016657  0.0113844   0.00838795] 0.00701286137971641 1000064
[-0.00639221  0.00088398 -0.00550845 -0.01239954 -0.00160671 -0.01000125
 -0.0002993   0.0014745   0.01612124 -0.01076217] 0.002724903392485819 1000064
[-0.00400835 -0.01827356  0.00376497  0.01432832 -0.00494627 -0.00998674
  0.00701517  0.00769571 -0.00358422 -0.00598665] 0.006009171885097259 1000064
[-0.01145869 -0.00498184  0.01581371 -0.01186577 -0.01374287 -0.01048838
  0.00256075 -0.00454566 -0.00082806  0.00566734] 0.0031713211621398514 1000064
[-0.0049859   0.01251712 -0.00841042  0.01060922 -0.02026776 -0.0052245
  0.00400303 -0.0049525  -0.02069646 -0.00090897] 0.0027848102977464676 1000064
[-0.00941879  0.0087234   0.00508699  0.00065982 -0.013814    0.00036551
  0.00741451 -0.00338092 -0.00224656 -0.00983148] 0.0039468527031886825 1000064
Giá trị trung bình (mean) của Sphere trong DE: 8.23016824982326e-06
Độ lệch chuẩn (std) của Sphere trong DE: 1.3337593424302236e-06
Giá trị trung bình (mean) của Sphere trong CEM: 0.0040223957170955945
Độ lệch chuẩn (std) của Sphere trong CEM: 0.0014141384918248449
===========================================================
popsize = 256
DE:
(array([ 9.34788009e-04,  6.49657935e-05,  5.80202241e-04,  1.34867399e-03,
       -1.13483899e-04, -2.25565513e-04, -1.96338711e-04,  8.76533812e-04,
        5.94706220e-04, -4.94823916e-04]), 4.502750360582721e-06, 89345)
(array([-3.94953570e-04,  1.02942046e-04,  6.05058145e-05,  9.98859729e-05,
       -1.34461963e-04, -1.11729240e-03,  8.99685220e-04,  1.51307113e-03,
        5.18386166e-04, -3.25467816e-04]), 4.9201171293180205e-06, 88833)
(array([-0.00121437,  0.0001044 , -0.00012765, -0.00040175,  0.00138684,
        0.00122459, -0.00070555,  0.00112882, -0.00117394, -0.00122946]), 9.748002663801355e-06, 86529)
(array([ 2.32456293e-05, -1.36916688e-03, -1.53027777e-03, -6.66464723e-04,
        9.12833846e-04, -1.58368679e-03,  1.42419098e-04, -7.14511041e-04,
        9.48964584e-04,  4.40492414e-05]), 9.435696390935388e-06, 88833)
(array([ 0.00084879,  0.00104378,  0.00012891,  0.00075957,  0.00043947,
        0.00011887,  0.00022108, -0.00152508,  0.0013285 ,  0.00032705]), 6.8573598016826424e-06, 85761)
(array([ 0.00031832,  0.00147859,  0.00067479,  0.00040641, -0.00037996,
        0.00052359, -0.00052908, -0.00097625, -0.0022906 , -0.00031153]), 9.903467575064824e-06, 85505)
(array([ 0.00067495,  0.00163363, -0.00033395, -0.00119862,  0.00056995,
       -0.00025803, -0.00040934,  0.000206  , -0.00031371,  0.00157056]), 7.839001838800224e-06, 88833)
(array([ 0.00131989, -0.00032307, -0.00104349,  0.00168705, -0.00056973,
        0.00036629, -0.00060324, -0.00036317, -0.00021035, -0.00115474]), 8.113722423497624e-06, 86785)
(array([ 1.49184742e-03, -1.01647558e-05, -9.03643474e-04,  8.62743107e-04,
       -4.37169415e-04,  1.08163818e-04, -1.64289266e-03, -4.95224474e-05,
       -2.21827764e-04, -1.53355169e-03]), 9.091962878411655e-06, 85505)
(array([ 4.68033771e-05,  4.25301447e-04,  3.74752759e-04,  5.57034008e-04,
       -1.15276944e-03,  1.34086239e-03, -1.39381953e-03, -5.35042448e-05,
        1.49796334e-03,  2.22769121e-04]), 7.999703584031945e-06, 89601)
---------------------------------------------------------
CEM
[-0.00213894  0.00439795 -0.00831324  0.00295904 -0.0076661   0.00179864
 -0.00372542 -0.01415436  0.00741671  0.01026995] 0.0035275195956832933 1000192
[-0.0011778   0.00894911  0.00262824 -0.00127527  0.00894829  0.01587308
  0.00038435  0.0065433  -0.0012065   0.01374764] 0.0030039177715989107 1000192
[-0.01898002 -0.00300468 -0.00543817  0.01679047 -0.00186317  0.02960675
  0.01147254 -0.00556397 -0.00114398  0.0048542 ] 0.004521234981815253 1000192
[-0.00695314 -0.00896695 -0.00345111 -0.01117523 -0.00574584  0.01745825
  0.00229948 -0.0057267  -0.00822377  0.01345769] 0.002912232840703402 1000192
[-0.0103173  -0.00109544  0.00608611 -0.00159365  0.01722105  0.00847525
  0.0111723  -0.00504345  0.01084075 -0.01420484] 0.0025247053092461143 1000192
[ 0.00056839 -0.00285776 -0.01374985 -0.00845925 -0.00751616 -0.00342557
  0.00594607  0.01076182 -0.00535236 -0.00570896] 0.0027414216918944965 1000192
[-0.0143767  -0.0024315   0.00694707  0.01503064 -0.01463767 -0.01049572
 -0.00478499  0.00251692  0.00255668 -0.0063837 ] 0.0016164284816155472 1000192
[ 0.00316599  0.00154262  0.00962784 -0.00912284 -0.00898685  0.00258821
 -0.0081444   0.00022344  0.00225411  0.00439678] 0.0026177201345252248 1000192
[ 0.00417814 -0.00078176  0.00608971 -0.00126951  0.02014598  0.00021495
  0.00892483 -0.00286374 -0.00244696  0.00611613] 0.0028787135222439687 1000192
[ 0.00288621  0.0055692   0.007775    0.0028149   0.00199014 -0.00516143
 -0.00638945  0.00307959  0.00281021  0.01396892] 0.0031790617821360295 1000192
Giá trị trung bình (mean) của Sphere trong DE: 7.84117846461264e-06
Độ lệch chuẩn (std) của Sphere trong DE: 1.8094468718765792e-06
Giá trị trung bình (mean) của Sphere trong CEM: 0.002952295611146224
Độ lệch chuẩn (std) của Sphere trong CEM: 0.0007055029048683142
===========================================================
popsize = 512
DE:
(array([-0.00142219,  0.00073242,  0.0003922 ,  0.0006978 , -0.00084166,
       -0.00089917,  0.00125033,  0.00103591,  0.00091859, -0.00123924]), 9.732655681482315e-06, 172545)
(array([-0.0019429 , -0.00012767,  0.00089807,  0.00042092,  0.00122124,
        0.00048684,  0.00049565, -0.00128105,  0.00092829,  0.00076367]), 9.83497274289637e-06, 171521)
(array([ 5.03275867e-04,  4.22697536e-04, -3.88736074e-04,  1.64058467e-04,
       -4.58955389e-04,  1.18842883e-03, -1.64707240e-03, -5.51621158e-05,
        9.09717480e-04, -5.27912033e-04]), 6.055161197671158e-06, 174593)
(array([-0.00037738,  0.00014594, -0.00045629, -0.00030035, -0.00092261,
       -0.00029415, -0.0004861 ,  0.0010777 , -0.00177927,  0.00011052]), 5.9756121223597185e-06, 177665)
(array([ 1.59359327e-03, -4.72357625e-05,  1.16967271e-05, -6.54868779e-04,
        4.37764023e-04, -1.40667869e-03,  6.92437756e-04, -6.62555267e-04,
        2.10811213e-04, -1.79297219e-03]), 9.318783095197762e-06, 178689)
(array([-1.04341889e-03, -1.18995374e-03, -6.95747131e-04,  1.11492114e-03,
        1.11081027e-03,  3.99927113e-04, -6.62497235e-05, -4.48684735e-04,
       -1.91956041e-03,  4.22113263e-04]), 9.694266064508745e-06, 178689)
(array([-6.65847418e-04, -3.69935342e-04,  1.22577179e-03,  1.51023784e-03,
       -1.01509543e-03,  1.50880624e-03,  7.71354346e-04,  3.19926315e-04,
        2.40656122e-05,  1.12802852e-03]), 9.640822638631627e-06, 175617)
(array([-3.29031167e-04, -1.16439845e-03,  2.64947231e-04, -2.78908288e-04,
        1.12703457e-03, -4.38312311e-04,  7.49345548e-05,  4.25988250e-04,
        5.52275263e-04, -1.81371587e-03]), 6.856051129582663e-06, 179713)
(array([ 0.00023951,  0.00108509,  0.00074813,  0.0002432 , -0.00073178,
       -0.0006762 , -0.00165249, -0.00026681,  0.00135256,  0.00020831]), 7.521107456459024e-06, 174593)
(array([ 1.34791634e-03, -8.54626847e-04,  5.21614135e-04,  1.97317650e-04,
       -4.08581221e-04,  2.94743045e-04, -9.09743980e-06, -5.06774512e-04,
        1.39973916e-03, -8.15039354e-04]), 5.992555191902267e-06, 173569)
---------------------------------------------------------
CEM
[-0.00719516  0.00873166  0.00131203  0.00826561 -0.00091717  0.00329895
 -0.00460555  0.00481593  0.0001861  -0.00393416] 0.002293629740982708 1000448
[ 0.00728804 -0.00053583  0.01106428 -0.00777856 -0.00606966  0.00081663
  0.00541457  0.01358633  0.00760423  0.00198633] 0.002008329006946746 1000448
[ 0.00448944  0.00503391  0.00348536 -0.00048028 -0.00643332 -0.00130278
  0.0022865  -0.00978036  0.0080409  -0.00126953] 0.001686224536208504 1000448
[-0.00161054  0.00679364  0.01264316 -0.00678267 -0.00172665 -0.00817255
  0.0088551   0.00403716  0.00731745 -0.00596067] 0.002182694210873097 1000448
[ 0.00200034 -0.00355504 -0.00654862  0.00754899  0.01224259 -0.00920624
 -0.00650644  0.00124589  0.00426531  0.00616738] 0.003104185038696083 1000448
[-0.01641118 -0.00102776  0.01244421  0.00323332 -0.00296898 -0.00315429
 -0.00913902 -0.00217065  0.00381042 -0.00098094] 0.0029726125341485807 1000448
[ 0.00593079 -0.0012265  -0.00039441  0.00697737  0.00269198 -0.00051529
 -0.0076744  -0.00407024  0.01523806  0.01598935] 0.003747060745931688 1000448
[-0.00435541 -0.01161937  0.00391651  0.02317016  0.00874505  0.00536532
 -0.0082282   0.00216397  0.00990978  0.01276686] 0.0037333189012886733 1000448
[-0.00604479  0.01692957  0.00379232 -0.00466566  0.00198826 -0.00609631
 -0.00407543  0.0033082   0.00342455  0.00413238] 0.002792178917037152 1000448
[ 0.00627711  0.00014376  0.00665794  0.00314698 -0.00599446  0.01549149
  0.00066319  0.00428772 -0.00492856 -0.00910418] 0.0034599153605629164 1000448
Giá trị trung bình (mean) của Sphere trong DE: 8.062198732069165e-06
Độ lệch chuẩn (std) của Sphere trong DE: 1.645627391791181e-06
Giá trị trung bình (mean) của Sphere trong CEM: 0.002798014899267615
Độ lệch chuẩn (std) của Sphere trong CEM: 0.0006950221521928813
===========================================================
popsize = 1024
DE:
(array([-6.45456928e-04,  9.68053741e-04, -1.02479191e-03,  8.38903947e-04,
       -9.87662602e-04, -5.03226348e-04, -9.32354142e-05,  4.35605742e-04,
       -1.22433728e-03, -8.62990996e-04]), 6.778615600987728e-06, 351233)
(array([-0.00035586, -0.00145997, -0.00113786,  0.00058319,  0.00022658,
        0.00076054,  0.00115911,  0.00168668,  0.00066059, -0.00033456]), 9.259482217541482e-06, 340993)
(array([-1.62900286e-03,  1.14158693e-04,  1.11858612e-04,  1.90054138e-03,
       -7.37165110e-06, -8.39228039e-04,  1.04011976e-03, -5.93412009e-04,
        5.18740047e-04, -4.83411120e-04]), 8.932374931326044e-06, 344065)
(array([-0.00018662, -0.00061362, -0.00047395,  0.00036531, -0.00068916,
        0.00201611,  0.00024864,  0.00029007, -0.00176248, -0.00022282]), 8.611024254600362e-06, 346113)
(array([-3.85331610e-05,  1.68689905e-03, -3.15199909e-04, -1.57145199e-03,
       -2.38190069e-05, -2.79510985e-04, -5.66982168e-05,  9.14044380e-04,
       -3.53132370e-04,  1.85166146e-03]), 9.886663700048313e-06, 347137)
(array([-3.90542078e-04, -6.31731389e-04,  6.37187357e-05, -4.40648441e-04,
       -2.66082751e-04,  9.93340365e-04,  8.36525208e-04, -6.38660765e-04,
        6.46279367e-04,  2.41433680e-03]), 9.16172507887132e-06, 356353)
(array([-0.00158577, -0.00011621, -0.000423  , -0.00017124,  0.00017441,
       -0.00073064,  0.00012556,  0.0022998 ,  0.0008305 , -0.00063627]), 9.700100913767914e-06, 342017)
(array([-0.00042213,  0.00047976, -0.00116896,  0.00099824, -0.00039373,
       -0.00025982,  0.00058129,  0.00106327,  0.00125597,  0.00111788]), 7.289410176447222e-06, 350209)
(array([-1.68020460e-03,  1.18953493e-04,  1.33872611e-03, -1.46252894e-03,
        7.59004238e-04,  7.59907553e-05,  4.17896056e-05, -6.56708101e-05,
       -1.47580278e-03, -4.16175691e-04]), 9.707533036270305e-06, 345089)
(array([ 9.10964859e-04,  4.03233054e-04, -5.98117122e-04,  1.49772503e-04,
        9.48755134e-04,  4.08017162e-05,  1.61103787e-04,  2.05122379e-03,
        1.65458506e-04,  4.43436751e-05]), 6.5372471836477486e-06, 345089)
---------------------------------------------------------
CEM
[ 0.00141433 -0.00352473  0.0080639  -0.00877536 -0.00065994  0.00495426
  0.0003584   0.00284683  0.00923654  0.0070079 ] 0.0021201919542386555 1000448
[-0.00264733  0.00392725  0.00248133  0.00786661  0.00063541  0.0072426
  0.01183344 -0.00417184 -0.00621021  0.00135403] 0.001702663674254039 1000448
[-0.00152094  0.00740129  0.00122065 -0.00153486 -0.0055848  -0.00349277
  0.00564874  0.00663998 -0.00115202  0.00581934] 0.002607648173979985 1000448
[-1.88047163e-03  1.06004246e-03 -3.11184784e-04  2.35609680e-03
  2.81991368e-03 -8.38825183e-03 -2.21515094e-03  6.81306019e-05
 -1.35381105e-03  1.08729406e-02] 0.002602826294882155 1000448
[-2.12203966e-03 -4.99726633e-03 -2.81766051e-03  2.58141953e-03
  1.72167702e-03 -5.51000911e-04 -6.55531122e-03  5.46436112e-04
 -2.95445246e-05  4.81454906e-03] 0.0013750165666290915 1000448
[-5.92302993e-03 -6.16532934e-03  7.13935590e-03  2.50745798e-03
 -2.48559706e-03 -3.20145002e-03  7.85884455e-05 -4.45204395e-04
  2.31941521e-05 -1.13745778e-02] 0.0018115058686787966 1000448
[-0.0022469   0.00362276 -0.00171459  0.00631579 -0.00983966  0.00278439
  0.00340172 -0.001176   -0.00235251 -0.01318622] 0.0019021323733602745 1000448
[-0.01078771  0.00120374 -0.00247711 -0.00410268  0.010918    0.00264894
 -0.00497362  0.00708663 -0.00258273  0.00415555] 0.001391013594286991 1000448
[-6.48754429e-04  5.15489048e-03 -1.47688906e-02  6.31581428e-04
 -1.41267998e-03  3.09921282e-05 -7.86244205e-03  6.45429872e-03
  5.10173376e-03 -2.32544289e-03] 0.0014856297777747593 1000448
[-0.00837478 -0.00412018  0.00377535 -0.00227654  0.01034611  0.00834874
 -0.00672661 -0.01511184 -0.00240332  0.007256  ] 0.0018408413191186418 1000448
Giá trị trung bình (mean) của Sphere trong DE: 8.586417709350845e-06
Độ lệch chuẩn (std) của Sphere trong DE: 1.1933814403750716e-06
Giá trị trung bình (mean) của Sphere trong CEM: 0.0018839469597203388
Độ lệch chuẩn (std) của Sphere trong CEM: 0.0004239449039041217
===========================================================